30
224
28
111
140
189
162
33
223
33
128
190
220
44
170
54
214
69
2
255
202
48
87
192
151
2
231
3
13
55
208
147
130
109
159
12
17
162
110
171
210
83
48
79
5
230
5
19
78
32
53
75
201
118
161
204
107
126
176
208
147
130
108
158
16
25
143
135
92
140
75
118
145
193
149
253
231
1
5
22
89
70
111
167
208
92
78
122
134
184
182
84
195
142
232
231
1
7
31
122
173
212
77
29
47
89
190
158
21
227
17
69
1
252
207
39
109
173
221
178
86
240
231
0
0
3
13
51
194
115
166
243
225
6
186
74
17
228
13
54
207
144
133
99
148
50
82
253
231
1
6
23
93
83
128
114
165
248
235
242
229
254
203
46
91
189
163
34
223
34
132
202
225
27
106
124
175
214
160
112
165
207
96
93
141
74
117
150
197
134
209
227
18
73
17
27
139
139
78
122
134
184
182
84
195
142
231
231
2
9
36
141
228
231
3
15
59
224
184
78
8
230
6
25
101
107
157
19
31
130
151
40
66
39
221
41
159
24
226
20
80
41
67
37
222
39
150
254
231
1
7
28
109
135
184
179
78
199
125
183
217
57
217
167
102
194
222
39
151
3
231
3
15
60
226
187
72
25
226
22
87
64
102
193
221
40
154
9
230
7
28
110
137
186
172
59
211
80
39
64
46
218
54
205
140
139
80
124
127
177
205
141
138
83
129
112
162
2
254
203
46
92
188
167
44
219
50
192
109
173
221
177
87
237
231
0
2
10
40
155
12
229
9
39
151
0
231
2
10
42
162
31
224
30
117
159
203
111
139
188
167
46
218
54
204
139
139
78
122
134
184
181
82
196
138
221
229
8
33
129
194
222
38
147
246
231
0
0
1
6
27
106
126
176
210
152
123
129
179
198
123
158
16
25
142
136
91
138
83
128
114
164
251
240
233
246
221
13
170
98
205
226
23
91
77
120
138
187
168
49
217
58
222
179
86
242
231
0
0
0
2
8
32
124
179
215
65
245
229
255
201
49
84
195
142
232
231
2
8
32
124
179
215
64
241
221
14
168
101
197
223
34
134
209
227
19
75
22
36
118
164
253
244
224
7
184
78
8
230
6
26
101
108
158
17
26
140
138
82
128
116
166
244
227
3
193
63
48
217
57
216
167
103
191
221
43
165
40
220
44
169
50
216
62
233
204
44
98
183
184
90
190
160
27
225
25
98
99
148
49
80
3
231
3
14
58
221
178
86
240
231
0
0
2
9
37
144
238
231
0
1
6
25
101
107
157
19
30
131
150
44
73
21
227
18
71
8
9
179
85
245
231
0
0
0
1
5
23
90
73
115
154
199
124
179
215
64
242
223
10
177
88
236
231
0
3
13
51
195
118
164
253
244
225
7
185
76
14
229
11
43
167
46
218
53
203
136
144
64
103
191
220
43
166
43
219
48
183
86
192
150
255
231
1
7
31
121
172
211
80
40
65
42
220
47
179
76
200
121
172
211
80
41
67
38
221
40
154
11
229
8
34
131
201
224
29
112
144
192
152
4
230
4
17
68
255
249
214
27
139
140
76
119
144
192
153
6
230
5
21
85
55
89
233
231
1
7
30
116
157
201
117
157
202
115
151
197
133
206
226
22
89
70
111
168
208
90
72
113
160
204
108
129
179
198
124
157
18
29
134
145
58
94
217
229
11
44
171
56
213
72
14
20
154
121
138
187
170
54
214
68
0
251
209
34
120
161
6
5
188
71
26
226
23
90
74
116
152
198
130
197
223
34
133
205
226
23
91
76
120
141
189
161
28
225
25
101
107
157
19
30
132
148
50
82
253
231
1
6
24
95
90
137
85
131
106
155
24
40
108
174
218
170
98
205
226
23
92
78
122
135
184
180
80
197
132
204
225
24
95
88
135
92
140
77
120
139
188
165
41
220
44
170
54
214
69
2
254
203
46
93
187
169
51
216
62
234
206
40
106
175
212
158
116
153
199
126
186
218
52
200
128
152
35
58
61
210
85
57
92
225
230
5
22
88
67
106
182
216
59
225
186
74
19
228
15
61
229
195
59
59
211
81
41
68
34
223
34
133
207
226
21
83
50
81
254
231
1
7
29
115
151
197
132
203
225
25
99
103
152
36
60
57
212
74
21
33
124
157
20
32
125
156
24
39
108
173
220
174
92
223
230
6
27
107
128
179
200
129
152
37
61
52
215
66
247
232
249
214
27
139
140
77
121
136
185
176
69
205
103
115
165
246
231
251
211
32
126
155
27
45
95
185
177
72
203
111
141
189
162
31
224
30
118
162
205
102
111
162
3
0
199
53
74
201
116
156
201
119
163
206
101
107
157
20
31
129
151
38
63
49
217
58
222
178
86
242
231
0
0
0
2
11
46
177
73
202
112
143
191
154
9
230
7
29
112
144
192
153
7
230
6
25
98
97
146
57
92
223
230
6
25
100
105
155
26
42
101
180
195
116
166
245
229
255
201
49
85
193
147
246
231
0
0
1
4
17
68
254
246
220
15
167
103
192
221
41
159
25
226
22
87
62
100
201
224
28
109
133
183
186
93
187
171
56
213
73
15
23
148
128
114
164
251
241
230
252
207
39
109
172
223
181
82
252
231
1
4
19
76
28
45
94
186
172
60
211
81
44
72
24
226
21
84
52
84
246
231
0
0
1
4
17
68
255
249
215
25
143
135
93
141
74
117
149
196
137
218
229
10
39
152
5
230
5
20
79
36
59
59
211
80
40
65
43
219
47
182
83
195
141
229
231
3
12
50
191
108
173
218
172
96
212
228
15
61
232
201
49
84
194
143
235
231
1
4
19
75
24
39
108
173
219
174
93
221
229
8
32
127
189
219
47
181
81
196
136
214
228
14
55
210
153
121
135
185
179
75
201
120
166
208
93
83
128
113
164
252
242
227
1
196
57
64
208
92
78
122
134
184
181
82
196
137
218
229
10
41
157
18
228
15
59
224
184
77
9
230
7
30
117
160
203
109
134
183
183
86
192
150
255
231
2
8
32
125
183
217
57
215
164
107
180
215
63
239
216
22
149
127
117
168
239
216
23
147
130
108
158
16
25
143
135
92
140
75
119
144
192
151
2
231
3
13
54
206
143
135
92
140
76
119
144
192
152
4
230
4
17
69
3
1
198
54
71
204
107
126
177
207
144
133
98
147
52
85
244
231
0
0
0
0
0
2
11
45
173
62
209
86
60
96
211
227
16
65
245
228
0
199
52
76
200
120
167
208
91
76
119
143
191
154
10
229
8
33
129
194
222
38
149
251
231
0
3
15
61
232
201
49
85
194
145
240
231
0
0
3
12
49
189
101
180
194
115
166
243
225
6
186
75
17
228
13
53
200
130
150
42
68
34
223
33
129
196
222
36
139
224
230
5
23
92
80
124
126
176
209
149
127
118
169
235
208
36
116
166
246
230
252
208
36
116
165
247
232
249
214
25
142
136
89
135
91
138
82
127
117
168
238
214
27
139
140
76
119
142
190
158
22
227
18
74
19
29
133
147
52
85
244
231
0
0
0
0
2
11
44
169
50
216
60
228
194
62
52
215
65
243
224
8
181
82
253
231
1
5
22
88
66
106
182
216
59
223
182
80
2
231
3
14
55
209
151
125
124
175
214
161
111
167
208
91
74
117
148
195
139
224
230
6
24
94
86
132
100
149
45
73
20
227
16
65
245
228
255
201
50
82
196
138
220
229
8
34
133
207
226
21
84
54
88
235
231
1
4
19
77
31
50
81
197
134
210
227
17
68
254
247
219
18
160
113
163
205
101
108
158
14
21
152
123
129
179
199
125
155
25
40
107
175
213
160
112
164
206
99
102
151
39
64
45
218
52
198
123
158
17
26
141
138
83
129
112
163
0
250
212
29
133
147
54
88
236
231
0
3
13
53
200
130
151
41
67
36
222
37
145
241
231
0
0
1
7
30
117
157
201
116
155
200
121
170
210
84
52
85
245
231
0
0
0
2
8
32
124
179
215
66
248
234
245
223
10
176
89
233
231
1
7
30
118
160
204
108
129
179
197
122
159
11
16
165
106
182
216
59
224
184
77
9
230
7
28
111
139
188
168
47
217
56
212
157
117
149
196
136
215
228
12
49
188
100
181
192
109
172
223
182
80
1
231
2
10
43
165
40
221
43
165
41
220
44
170
53
214
68
255
248
217
21
152
124
128
178
201
131
149
47
76
11
229
9
36
139
223
230
6
25
99
103
153
34
55
68
206
101
108
158
17
27
139
140
77
121
137
187
171
56
213
74
19
31
129
151
40
65
42
220
46
176
70
204
105
120
170
229
196
58
61
210
84
53
87
239
231
0
1
6
24
93
84
130
109
159
13
18
158
115
155
200
121
170
210
83
51
83
249
231
0
2
8
32
125
184
217
56
213
160
112
163
205
101
108
158
17
26
140
138
83
128
115
165
246
231
250
212
29
133
147
52
85
245
231
0
0
0
1
4
18
71
8
9
179
85
242
231
0
0
0
1
5
22
89
70
111
169
209
87
64
103
192
221
42
163
35
222
36
140
225
230
5
21
82
46
75
14
229
11
44
171
56
213
73
16
25
143
135
93
141
74
117
150
196
136
214
228
13
53
204
138
141
71
113
161
204
105
122
173
221
177
88
235
231
1
4
18
73
15
22
149
127
119
169
233
203
46
91
189
163
33
223
33
129
195
222
37
144
237
231
0
2
10
42
161
28
225
26
103
114
164
250
238
237
239
234
245
222
11
174
92
223
230
6
26
103
113
164
252
242
228
0
199
52
77
200
122
175
213
74
18
28
136
144
64
103
193
221
40
157
18
228
14
56
213
160
113
162
205
104
118
169
236
209
36
117
164
251
241
231
250
211
31
128
153
33
53
73
202
113
145
193
148
249
231
0
1
7
30
117
157
201
116
155
201
120
166
208
93
82
127
119
170
232
201
49
84
195
142
232
231
2
8
32
127
189
219
47
181
82
196
138
220
229
8
35
135
211
227
16
65
244
226
3
192
65
44
219
50
190
104
177
206
144
134
96
144
63
101
196
223
35
136
215
228
12
50
193
111
171
228
193
62
51
216
62
235
209
36
116
165
247
233
246
221
14
169
100
200
224
30
117
160
203
109
134
183
184
88
191
155
13
229
10
40
156
15
228
12
48
183
88
191
154
10
229
7
31
122
174
212
74
21
33
123
158
16
24
144
133
98
147
54
88
235
231
1
5
19
78
32
53
74
202
115
151
197
131
202
225
27
107
129
179
199
127
154
29
48
87
192
152
5
230
5
20
80
40
66
39
221
42
162
32
224
31
121
170
210
84
54
88
235
231
1
4
16
64
243
223
9
179
84
246
231
0
0
1
7
29
113
145
192
150
255
231
2
8
35
136
215
228
13
52
198
124
157
21
33
125
156
22
35
120
161
4
2
194
61
54
214
70
5
4
191
66
39
221
41
160
27
225
25
97
96
144
62
100
201
224
28
111
139
188
167
46
218
54
206
144
134
95
144
64
103
191
220
44
168
48
217
58
220
174
92
223
230
6
27
106
124
174
215
165
106
183
217
58
219
173
94
218
229
10
40
157
17
228
14
55
210
152
123
130
180
197
120
161
6
6
187
72
24
226
20
81
42
69
31
224
30
118
163
205
101
108
158
15
23
148
129
113
163
253
245
222
12
173
94
218
229
10
40
155
12
229
9
37
143
235
231
1
4
17
67
253
244
225
6
186
74
18
228
14
57
215
164
107
179
215
65
243
225
6
187
73
21
227
18
72
11
15
166
104
189
219
47
181
82
196
136
216
228
12
47
182
84
194
144
239
231
0
1
5
21
82
47
77
10
230
7
31
121
170
210
85
55
89
233
231
1
7
29
115
151
197
132
204
225
25
98
99
148
50
82
252
231
1
5
20
79
38
62
51
215
63
237
212
30
130
150
43
71
27
225
25
98
99
148
49
81
255
231
2
9
36
139
224
230
5
23
90
73
115
154
199
124
180
215
64
240
218
20
155
119
142
191
157
17
228
14
55
209
150
126
120
171
227
191
66
40
220
43
167
45
218
52
198
124
157
19
31
130
151
41
68
35
222
36
139
224
230
5
23
92
78
122
134
184
182
84
194
144
237
231
0
2
10
40
157
17
228
14
55
211
154
121
138
187
171
56
213
73
17
27
138
141
73
115
155
200
122
174
212
76
25
41
105
176
209
149
127
118
169
236
209
36
117
164
251
241
231
250
213
28
135
144
62
99
203
225
26
102
113
163
253
245
222
12
172
96
213
228
14
58
219
172
96
213
228
14
56
213
160
113
162
205
102
112
162
2
254
204
45
95
185
176
68
206
101
107
157
20
31
128
152
36
58
60
211
81
44
73
22
227
18
72
12
17
161
112
166
207
94
85
131
105
155
27
44
96
184
180
78
199
127
189
219
47
181
81
196
136
215
228
13
52
200
128
152
35
58
62
209
87
61
99
204
225
24
97
94
142
68
108
175
213
72
14
21
153
122
132
182
188
100
181
190
105
176
208
148
128
114
165
248
235
242
229
255
202
47
89
190
158
22
227
19
74
21
33
125
156
23
36
116
166
245
229
254
203
45
95
186
175
65
207
94
86
132
103
153
35
57
64
208
91
77
121
138
187
170
53
214
67
253
244
225
5
188
71
26
226
23
90
72
114
158
202
114
149
196
138
220
229
9
36
140
226
230
4
18
73
15
22
150
127
119
170
231
199
53
74
202
116
154
200
122
174
212
75
22
36
116
165
248
234
244
224
9
180
83
249
231
0
2
8
33
128
191
221
43
165
40
220
44
168
49
217
58
221
178
87
238
231
0
2
8
31
123
178
214
68
254
246
221
14
168
102
195
222
37
143
236
231
0
3
12
49
189
102
179
199
126
155
26
42
101
180
196
119
162
2
254
204
44
98
183
185
92
188
165
41
220
45
172
58
211
78
34
57
65
208
92
81
125
123
174
217
169
99
203
225
26
103
113
164
252
242
228
0
199
53
74
201
116
156
201
119
163
206
100
104
154
30
48
86
193
148
250
231
0
2
9
36
140
227
230
4
17
69
2
255
202
47
90
190
159
24
226
21
83
51
83
250
231
0
3
12
47
181
81
196
135
212
228
15
61
229
195
60
56
213
74
19
30
132
148
48
79
6
230
5
21
82
46
75
16
228
12
49
189
102
179
199
127
154
30
48
86
193
148
249
231
0
2
8
34
132
203
225
25
100
105
155
25
41
104
177
205
142
136
88
134
95
143
66
105
186
218
52
200
128
152
36
59
59
211
80
39
65
43
219
48
186
93
187
170
54
214
69
2
254
204
44
98
183
184
89
190
159
23
226
20
80
40
66
39
221
42
161
30
224
28
111
141
190
160
26
226
23
91
76
119
142
191
156
17
228
13
53
201
130
150
43
71
26
226
23
91
76
119
142
190
158
21
227
17
69
1
252
208
36
116
165
247
232
249
213
27
138
141
71
113
161
204
105
120
170
229
195
59
57
212
76
25
41
104
177
204
139
140
78
121
135
185
178
74
201
117
158
202
113
146
193
147
246
231
0
0
1
5
22
88
66
106
183
217
57
217
168
102
196
222
36
139
224
230
5
23
92
80
124
126
176
208
147
129
111
161
5
4
190
67
37
222
38
146
244
231
0
0
0
0
0
0
3
15
61
231
199
53
74
202
115
151
198
131
199
224
31
121
171
211
81
44
73
22
227
19
75
22
36
118
164
252
242
228
0
200
51
80
197
131
202
224
27
108
130
180
195
115
166
244
227
2
196
58
61
210
84
53
87
239
231
0
1
6
25
98
98
146
55
90
230
231
3
12
49
187
96
184
180
80
198
130
198
223
32
124
181
216
61
232
201
49
85
194
144
239
231
0
1
4
17
68
0
250
211
31
128
153
33
54
70
204
106
125
175
212
157
117
150
196
135
213
228
14
57
217
168
102
195
222
36
141
229
231
3
13
53
201
131
149
47
78
8
230
6
27
106
123
173
218
171
96
212
227
16
63
239
216
23
148
128
114
164
251
240
232
248
217
21
151
124
127
177
205
141
138
83
129
113
163
254
247
219
17
161
111
168
209
89
70
112
166
207
94
87
133
97
146
56
92
225
230
5
22
86
61
98
206
226
22
86
59
95
214
228
14
56
212
156
118
147
194
143
234
231
1
5
23
91
75
118
147
194
143
235
231
1
4
17
68
255
248
216
23
148
129
111
162
3
1
198
55
70
205
105
119
170
231
198
53
73
202
113
146
193
146
244
231
0
0
0
0
0
2
11
44
168
48
217
56
214
162
110
170
210
83
50
82
252
231
1
5
19
78
31
52
78
199
126
185
218
53
201
131
149
48
78
7
230
5
23
91
75
118
147
194
144
239
231
0
1
5
20
79
37
61
52
215
65
246
230
252
207
38
112
170
231
198
54
73
203
112
142
190
157
18
228
14
58
218
171
97
209
227
19
75
22
35
119
162
1
253
206
40
106
175
213
159
113
160
204
107
128
178
202
133
147
54
87
237
231
0
2
11
44
168
49
217
58
221
178
87
238
231
0
1
6
27
107
128
178
201
131
149
45
73
20
227
16
64
243
223
9
180
83
248
231
0
1
5
21
82
46
75
15
228
12
49
186
94
186
174
63
209
89
70
112
165
207
95
89
136
88
134
94
142
68
109
174
212
75
23
36
115
166
244
227
2
194
61
54
214
69
4
2
196
58
61
210
85
55
90
229
231
3
12
50
193
111
171
227
190
67
38
221
39
153
7
230
6
25
98
98
147
52
84
245
231
0
0
0
3
12
50
191
106
175
212
156
118
146
194
145
241
231
0
0
1
5
23
92
80
124
126
177
207
145
132
102
151
38
63
47
217
56
214
161
112
166
207
94
85
132
103
153
33
54
71
203
109
133
182
187
96
184
179
76
200
121
171
211
82
45
73
20
227
17
67
250
238
237
239
234
244
224
8
181
82
252
231
1
5
20
78
33
54
72
203
111
138
187
169
50
216
62
233
203
45
94
186
173
60
210
83
49
79
3
230
3
15
62
235
207
39
108
173
219
173
94
216
229
11
46
175
67
206
97
96
145
61
98
207
226
21
83
51
83
251
231
0
3
12
51
194
114
168
238
215
25
143
135
93
141
73
116
153
199
126
186
218
52
197
123
159
14
21
152
123
131
181
191
108
174
218
170
98
207
226
21
83
51
83
248
231
0
1
5
23
92
80
125
125
176
211
154
120
139
188
167
46
218
54
206
142
136
89
137
87
134
96
145
60
96
211
227
17
67
251
240
233
246
220
16
163
108
177
214
69
1
253
205
42
103
179
200
128
152
36
60
56
212
74
20
31
128
153
34
57
65
208
92
81
126
123
173
220
175
91
226
230
5
20
79
37
62
52
215
64
242
222
12
173
93
220
229
8
34
133
205
226
23
90
73
115
154
200
123
176
213
72
13
18
159
114
159
203
112
141
190
160
25
226
22
88
66
106
183
217
57
218
170
98
206
226
21
85
56
91
228
230
4
16
64
239
217
21
153
122
132
182
188
100
181
191
106
176
211
154
121
136
185
175
67
206
98
97
146
57
92
225
230
5
22
89
68
109
174
212
76
27
44
97
184
182
84
194
144
237
231
0
2
10
40
154
11
229
8
35
137
218
229
10
42
161
30
224
28
109
133
183
186
93
187
171
55
213
71
8
9
179
85
245
231
0
0
0
2
9
36
141
228
231
3
15
60
225
187
73
22
227
19
74
20
32
126
155
25
41
103
178
203
136
143
66
106
183
217
57
215
163
108
177
214
70
5
5
189
69
32
224
31
121
170
210
84
53
87
238
231
0
2
8
32
124
180
216
62
235
208
37
113
168
236
210
33
124
157
19
30
130
150
44
72
24
226
21
84
52
85
244
231
0
0
0
1
4
16
63
239
216
23
147
130
107
157
19
29
133
147
54
88
236
231
1
4
15
62
235
208
38
112
169
233
203
46
92
188
166
42
220
47
180
79
198
130
197
223
34
133
206
226
22
89
70
111
169
209
87
62
99
203
225
25
100
106
156
21
34
122
160
10
14
168
101
198
223
32
124
180
215
63
238
214
27
138
141
72
114
158
202
113
147
194
144
237
231
0
2
9
37
144
237
231
0
2
10
42
161
29
225
26
104
116
167
241
220
15
167
103
191
221
42
163
36
222
36
141
230
231
3
12
48
185
91
188
165
40
221
43
165
41
220
45
173
62
209
86
59
95
215
228
12
51
194
114
167
240
218
18
159
114
157
201
116
156
201
118
161
205
104
119
169
233
203
45
94
186
172
59
211
79
36
60
57
212
76
25
40
107
175
214
161
112
165
207
95
89
136
90
137
85
130
107
157
19
30
130
150
43
71
26
225
24
94
85
131
106
155
25
40
106
175
213
159
114
159
203
112
142
190
157
19
228
15
62
233
203
46
92
187
168
48
217
58
218
171
97
210
227
18
70
7
8
182
80
2
231
3
13
54
206
142
136
89
137
87
134
96
144
63
101
197
223
33
129
196
222
35
138
222
230
7
30
117
159
203
111
139
188
167
46
218
54
205
141
137
86
133
99
148
48
79
5
230
4
19
77
29
48
87
192
152
6
230
5
21
83
49
81
0
231
2
10
40
155
13
229
10
42
161
30
224
28
112
142
190
158
21
227
17
69
4
1
196
57
64
208
90
74
117
150
197
134
208
227
19
77
30
49
85
193
147
246
231
0
0
1
4
17
67
253
244
225
7
185
76
14
229
11
44
171
55
213
71
10
13
170
98
206
226
22
88
65
105
186
218
51
196
119
162
1
253
206
40
106
175
211
156
118
144
192
150
0
231
2
9
38
149
252
231
1
4
16
65
243
224
8
182
80
2
231
3
14
56
212
156
118
146
194
144
239
231
0
1
5
20
78
34
55
68
205
101
108
158
16
25
143
135
93
141
72
114
160
203
109
133
183
185
91
189
164
36
222
37
143
234
231
1
5
22
88
67
106
182
216
60
226
188
70
28
225
25
100
106
156
22
35
119
163
0
250
211
31
128
152
35
58
61
210
83
50
82
252
231
1
4
18
72
12
17
162
110
170
210
84
54
88
236
231
0
3
12
50
193
111
170
230
197
55
68
205
101
109
159
13
18
159
114
157
201
116
155
200
121
169
209
86
59
95
216
229
11
47
180
78
199
127
187
219
49
189
103
178
200
129
151
40
65
41
220
45
174
64
208
91
75
118
146
194
145
241
231
0
0
2
8
34
134
208
226
19
78
32
52
76
200
120
167
208
91
74
117
148
195
139
224
230
6
24
96
91
139
80
124
126
176
208
148
129
112
163
0
251
209
35
120
161
5
4
191
66
41
220
45
174
63
209
89
70
111
166
208
92
80
125
126
176
210
151
124
127
177
205
141
138
84
130
109
159
13
19
156
118
146
194
145
242
231
0
0
0
3
15
59
223
182
79
3
231
3
15
62
234
205
42
102
179
200
128
153
34
56
67
206
98
100
149
46
75
14
229
11
44
171
57
212
74
21
33
124
156
21
34
122
159
14
20
153
121
136
185
176
70
204
106
124
174
217
167
102
194
222
39
151
3
231
3
15
60
227
190
67
36
222
38
146
243
231
0
0
0
0
0
0
3
13
54
206
144
134
96
144
61
99
204
225
24
94
86
133
99
148
49
81
255
231
2
8
34
132
202
225
27
106
123
174
217
169
100
199
224
30
119
164
206
99
100
150
44
73
22
227
18
73
17
25
142
136
89
136
90
137
84
130
108
158
16
24
145
132
101
151
41
68
36
222
36
141
229
231
3
13
53
203
136
143
65
104
187
219
50
191
107
174
215
164
107
178
214
66
249
237
239
234
245
222
12
174
93
221
230
7
30
119
165
207
96
93
141
73
116
154
199
124
181
216
61
231
199
53
75
201
117
159
203
111
140
189
164
37
222
39
151
0
231
2
10
41
159
25
226
22
86
59
95
215
228
13
51
195
117
164
251
241
230
252
208
37
115
166
243
224
7
184
77
9
230
7
28
110
137
186
172
59
211
79
38
62
51
215
63
237
211
32
127
153
32
53
75
201
118
161
205
104
119
170
231
199
52
76
200
122
172
211
79
35
57
63
209
88
67
107
179
215
66
248
234
245
222
11
175
91
225
230
5
20
81
41
68
34
223
34
133
205
226
23
90
73
115
156
201
118
163
205
101
110
160
10
13
171
96
211
227
16
65
245
229
254
203
46
92
188
166
42
220
46
176
69
205
102
112
162
2
254
204
43
99
182
187
97
184
182
85
193
146
243
231
0
0
0
0
1
5
20
79
35
57
64
208
91
75
119
144
192
150
0
231
2
10
40
156
15
228
12
49
187
97
184
182
85
194
145
241
231
0
0
1
6
27
105
123
173
220
175
91
227
230
4
16
66
248
235
243
227
2
196
58
60
210
82
47
77
9
230
7
29
115
152
198
130
196
223
35
136
215
228
13
52
197
122
159
13
18
159
114
159
203
111
140
188
164
38
221
40
155
13
229
10
41
158
20
227
17
67
252
243
227
3
193
62
49
216
60
227
189
68
34
223
33
130
198
223
32
127
187
219
49
189
102
179
198
125
156
22
34
120
161
6
6
186
73
21
227
17
68
255
249
214
27
138
141
73
115
156
201
117
159
203
111
141
190
160
27
225
24
95
89
136
88
135
92
140
77
121
138
187
170
53
215
66
249
236
241
230
252
207
39
109
172
223
182
81
255
231
2
8
34
135
211
227
17
67
250
239
235
242
228
1
198
55
69
205
102
112
163
0
249
213
28
136
144
64
102
195
222
37
146
243
231
0
0
0
0
2
9
37
143
234
231
1
5
22
86
61
99
204
225
24
94
86
133
100
149
47
77
11
229
9
35
138
221
229
8
32
126
185
218
54
207
144
133
99
148
50
81
254
231
1
7
28
109
133
183
186
94
186
172
59
211
80
41
68
35
222
36
139
222
230
7
28
110
137
186
172
59
211
80
39
64
44
219
51
194
114
168
239
216
22
149
127
117
168
238
214
27
138
141
74
117
150
196
135
212
228
15
62
233
203
46
91
189
164
37
222
38
149
252
231
1
5
20
80
40
66
41
220
44
171
57
212
74
20
32
127
154
29
48
87
192
152
4
230
4
17
68
253
245
222
12
172
95
215
228
13
52
197
121
160
8
10
177
87
237
231
0
2
9
36
141
229
231
3
13
54
204
138
141
74
116
151
198
131
199
224
31
120
167
208
92
78
122
134
183
183
88
191
153
8
230
6
26
103
115
165
247
233
247
218
19
158
116
153
199
127
187
219
50
190
105
176
209
150
126
122
173
220
176
89
231
231
2
9
36
141
230
231
2
11
45
173
60
211
82
45
74
19
227
16
63
238
214
26
141
138
84
130
109
160
10
14
168
101
196
223
35
135
213
228
14
57
216
165
105
185
218
54
205
140
139
79
124
129
179
199
127
154
30
50
83
195
140
225
230
5
21
83
50
82
253
231
1
5
21
83
48
79
5
230
4
19
76
27
44
96
185
179
75
201
119
165
207
96
93
141
74
117
149
196
136
216
229
11
47
180
78
199
126
186
218
51
195
118
164
252
243
227
1
196
58
62
209
86
59
95
214
228
14
55
210
153
122
135
184
179
77
199
124
181
216
61
232
201
48
86
193
148
248
231
0
1
6
25
97
96
144
63
101
198
223
32
126
185
218
53
203
137
142
68
108
175
213
72
14
20
154
120
140
189
164
37
222
38
149
252
231
1
4
19
75
22
35
119
162
2
255
202
48
86
192
150
254
231
1
7
28
109
135
184
180
80
198
131
199
224
31
121
170
210
85
56
91
227
230
4
17
67
253
244
224
8
183
79
4
230
4
16
66
247
231
249
213
28
136
143
66
105
184
217
55
209
151
125
125
176
211
154
121
137
186
172
60
211
81
43
71
26
226
23
91
77
120
139
188
166
43
219
49
187
97
183
183
87
192
152
4
230
4
17
69
1
253
206
40
106
175
212
158
116
153
198
127
190
220
45
173
61
210
85
56
90
229
231
3
14
55
208
148
128
114
164
250
238
236
240
232
249
214
27
138
140
75
118
147
194
144
237
231
0
3
12
48
184
90
190
160
26
226
23
90
73
115
155
200
122
172
211
79
35
58
61
210
83
50
81
254
231
1
7
29
113
145
193
149
251
231
0
3
15
61
230
198
54
70
204
106
125
176
210
153
121
135
185
178
74
202
115
153
198
127
190
220
45
174
64
208
91
77
121
136
186
175
66
207
96
92
139
78
122
134
184
182
84
194
144
237
231
0
2
10
39
152
4
230
4
16
65
243
225
6
186
74
19
228
15
61
230
197
56
65
207
93
84
130
110
160
10
14
169
99
203
225
26
103
114
165
248
235
242
229
254
204
44
98
183
184
89
190
157
18
228
15
59
222
180
83
248
231
0
1
6
24
97
95
143
65
104
189
220
46
177
70
204
106
125
176
210
152
123
130
180
195
117
164
250
239
235
243
226
5
189
69
32
224
31
122
175
213
74
19
30
131
149
45
74
18
228
14
57
216
167
103
191
221
42
163
36
222
37
142
233
231
1
7
30
117
157
202
116
154
200
122
174
212
75
22
35
120
161
4
2
194
60
55
213
71
10
13
170
98
207
226
21
82
47
77
10
229
7
31
122
175
212
74
20
32
127
153
32
53
73
202
114
150
196
135
211
227
16
65
244
227
3
193
62
50
216
61
231
199
52
77
199
123
178
214
67
252
243
226
3
192
63
47
217
55
209
150
126
121
172
225
185
75
15
228
12
48
184
89
190
158
20
227
17
67
253
244
224
7
184
78
8
230
6
26
104
117
168
238
213
27
137
142
70
111
167
208
90
74
116
152
198
130
198
223
32
126
185
218
53
203
136
143
66
105
184
217
55
209
151
125
124
175
214
162
110
170
210
83
50
82
253
231
1
5
21
82
46
76
12
229
9
39
151
2
231
3
12
50
191
106
175
213
159
113
160
204
108
130
180
196
118
163
255
248
216
23
147
130
107
157
18
29
134
145
58
94
217
229
11
43
167
44
219
50
191
108
174
217
169
100
200
224
30
119
163
206
101
108
158
17
26
140
139
79
123
129
179
198
123
158
17
27
138
141
74
117
150
197
134
209
227
18
72
12
17
161
111
168
209
88
66
105
185
218
54
206
143
135
91
139
80
124
126
176
209
149
127
119
169
234
205
42
101
180
196
118
163
253
245
222
11
175
91
227
230
4
18
71
9
11
174
92
223
230
6
27
106
124
174
217
167
102
194
222
39
150
0
231
2
9
39
150
255
231
2
8
31
122
175
213
73
17
27
138
140
74
117
149
195
139
223
230
6
27
107
127
177
205
140
138
82
127
118
169
235
208
36
116
166
245
229
254
203
45
93
187
171
55
213
72
12
17
161
112
165
207
95
89
137
87
134
96
144
62
100
200
224
29
114
149
195
139
222
230
7
28
108
132
181
190
104
178
203
136
143
67
107
179
215
64
242
222
11
174
92
223
230
6
27
105
120
170
230
196
57
64
208
90
72
114
157
202
116
154
199
124
180
215
64
240
218
19
156
117
148
195
141
231
231
2
10
41
158
22
227
19
74
20
31
129
152
36
60
56
213
74
19
30
132
148
51
83
250
231
0
2
10
41
157
19
228
15
61
230
197
56
67
206
98
99
148
50
81
254
231
1
6
26
103
115
165
246
231
250
212
29
133
147
52
84
246
231
0
0
1
4
18
71
8
10
177
89
234
231
1
6
25
98
97
146
56
91
228
230
4
16
63
237
211
32
126
154
28
46
91
188
164
38
221
40
156
15
228
12
47
181
82
196
137
217
229
11
44
171
55
213
70
7
7
183
79
5
230
4
19
75
22
35
120
161
5
4
192
65
43
219
47
182
84
194
143
235
231
1
4
17
69
2
254
203
46
92
188
167
46
218
54
204
139
139
78
122
134
183
182
86
193
147
247
231
0
0
3
14
56
212
156
118
146
193
146
243
231
0
0
0
0
0
0
0
0
1
5
21
84
52
85
244
231
0
0
0
0
0
0
1
7
28
112
142
190
159
24
226
20
82
45
74
17
228
14
55
210
153
122
134
183
183
87
192
152
5
230
4
18
72
12
17
161
112
166
207
94
85
131
106
156
22
35
119
162
1
252
208
37
114
168
238
215
25
143
134
95
143
66
105
185
218
54
206
143
135
94
142
71
112
163
206
101
107
157
19
31
129
151
39
64
45
218
52
198
123
158
16
24
146
131
104
154
30
50
83
195
140
226
230
5
20
78
33
54
71
204
108
131
181
193
112
170
232
200
50
81
196
135
212
227
16
63
238
214
27
139
140
78
121
135
185
178
73
202
113
146
193
147
246
231
0
0
1
7
29
116
155
200
121
171
211
81
44
72
24
226
20
81
42
69
33
223
32
125
182
216
60
226
189
70
30
224
28
112
142
190
159
22
227
19
76
25
41
103
178
203
136
144
64
102
195
222
37
145
240
231
0
0
2
10
40
156
15
228
12
47
182
84
194
143
235
231
1
4
16
66
247
232
249
215
25
142
136
89
136
88
135
91
139
80
125
125
176
211
154
121
136
185
176
68
205
101
109
159
12
17
161
111
169
209
87
62
100
201
224
28
112
143
191
156
14
229
11
45
173
62
209
86
61
98
205
225
23
93
81
126
120
170
230
196
58
62
209
86
59
96
213
228
14
57
215
164
107
178
214
67
251
241
231
250
213
29
134
145
58
95
216
229
11
46
177
71
203
109
132
182
188
99
181
190
104
178
203
137
143
67
107
179
215
65
245
228
0
200
52
77
199
125
182
216
59
224
183
78
7
230
6
24
96
92
140
77
120
139
188
167
46
218
53
201
132
148
49
80
1
231
2
11
46
175
66
207
97
95
143
66
106
183
217
58
219
173
93
220
229
8
34
131
201
224
28
110
136
185
177
72
203
111
139
188
166
44
219
49
189
102
179
199
127
153
32
53
75
201
117
159
203
110
137
186
172
59
211
79
36
60
56
213
73
15
22
150
125
123
174
218
170
98
206
226
22
88
65
104
188
219
49
186
94
186
174
64
208
90
72
114
157
202
116
154
200
123
176
213
72
12
16
163
108
176
213
72
11
15
166
104
189
220
46
178
75
201
117
159
203
110
136
185
175
67
206
99
101
150
43
71
25
226
22
88
66
106
182
217
59
222
179
85
244
231
0
0
0
1
4
16
63
239
215
24
145
132
101
151
40
66
40
221
43
165
40
220
43
167
44
219
51
193
112
169
233
203
45
94
186
174
62
209
87
64
103
191
221
43
166
41
220
46
175
67
206
99
100
149
45
73
20
227
16
66
247
233
246
221
13
170
99
204
225
24
95
89
135
91
138
82
127
118
168
237
211
32
126
154
28
47
90
189
162
32
224
30
119
164
206
97
97
146
57
93
221
229
8
33
128
191
221
42
163
36
222
36
142
232
231
2
8
33
129
195
222
36
142
232
231
2
9
35
138
220
229
9
36
139
223
230
6
26
104
119
169
234
204
43
99
182
189
101
180
194
114
167
241
220
16
165
106
183
217
58
219
172
96
213
228
14
56
213
159
113
160
204
107
129
179
199
127
153
32
52
77
199
124
179
215
65
245
229
255
201
49
85
193
146
244
231
0
0
0
0
2
8
32
127
188
219
48
185
93
187
168
49
216
59
224
183
78
6
230
5
22
87
64
103
191
221
43
165
41
220
45
172
58
211
78
34
56
67
206
97
96
145
60
97
209
227
19
76
25
40
106
176
211
154
120
139
187
168
48
217
56
214
161
111
167
208
90
74
116
151
197
132
204
225
25
98
99
148
48
79
4
230
4
18
71
9
11
175
91
228
231
3
15
60
228
192
64
46
218
53
202
134
146
56
90
228
231
3
14
59
222
179
85
243
231
0
0
0
0
2
8
32
126
185
218
54
205
140
138
82
128
116
166
244
227
2
194
61
53
214
68
254
246
220
16
165
106
183
217
58
218
171
97
209
227
19
74
21
33
125
156
22
34
120
161
6
6
187
72
23
226
20
80
40
66
39
221
41
160
26
226
23
92
80
124
126
176
209
150
126
122
172
222
180
84
246
231
0
0
2
8
34
134
209
227
18
74
18
28
135
144
63
101
198
223
33
129
194
222
38
147
246
231
0
0
1
6
25
98
100
149
47
76
12
229
9
37
144
238
231
0
1
6
26
101
109
159
12
16
163
108
176
213
71
7
8
181
82
252
231
1
4
16
65
245
228
255
201
49
83
195
140
228
231
3
15
61
230
196
58
62
209
87
62
100
201
224
28
109
133
183
186
93
187
170
54
214
68
255
248
215
24
146
131
105
155
27
44
97
183
183
87
192
151
3
231
3
15
60
227
191
66
40
220
44
169
50
216
61
231
200
51
78
199
127
188
219
48
183
86
192
149
253
231
1
6
24
97
95
143
66
105
185
218
54
206
142
136
90
137
84
130
108
158
17
26
140
138
82
127
119
170
232
201
49
85
193
146
245
231
0
0
0
1
4
17
67
252
243
226
5
189
70
30
224
28
112
143
191
155
12
229
9
38
148
248
231
0
1
5
20
80
41
67
37
222
38
146
245
231
0
0
0
1
6
26
102
111
161
6
7
184
76
12
229
9
36
141
228
231
3
14
57
215
163
108
176
213
71
8
10
176
89
233
231
1
7
30
118
160
204
108
131
181
193
111
170
230
198
55
69
205
103
114
164
251
240
232
248
217
21
151
124
127
177
206
142
136
88
135
92
139
78
122
134
184
181
81
197
134
210
227
18
70
6
7
184
76
11
229
9
36
139
224
230
5
23
90
72
114
158
202
112
143
191
153
9
230
7
28
109
134
184
181
81
197
134
208
226
20
79
36
59
59
211
79
36
59
59
211
79
35
57
63
209
89
69
109
173
211
78
33
55
69
205
103
114
165
249
236
240
233
246
220
15
166
103
190
220
44
170
54
214
69
3
1
197
56
66
207
95
88
135
93
141
74
116
151
197
131
201
224
28
109
133
182
187
96
185
178
74
201
116
156
201
119
165
207
96
94
142
71
113
163
205
102
110
161
7
7
184
77
9
230
7
30
118
161
204
106
126
176
209
151
125
126
176
210
152
123
129
179
197
121
160
8
10
176
89
233
231
1
7
30
117
158
202
113
147
194
144
237
231
0
3
11
47
180
79
198
129
193
221
39
152
6
230
5
21
82
47
77
9
230
7
29
115
151
197
132
202
225
27
107
126
176
208
148
128
113
164
252
242
229
255
201
48
86
193
148
250
231
0
2
10
40
153
8
230
6
26
101
109
159
12
18
160
112
163
206
100
106
156
24
39
110
172
225
186
75
17
228
13
53
203
136
143
66
105
185
218
53
202
134
146
57
93
221
229
8
32
125
183
217
58
218
171
96
211
227
16
66
249
236
240
233
246
221
14
169
100
201
224
28
109
134
183
183
86
192
150
255
231
2
8
31
123
176
213
71
9
12
172
96
213
228
14
56
213
160
112
164
206
98
98
147
54
88
236
231
0
3
14
57
216
165
105
185
218
54
207
145
132
102
151
40
66
41
220
45
172
58
212
77
30
50
82
196
138
220
229
8
34
133
205
226
23
92
81
125
123
174
218
170
98
208
226
20
80
41
67
38
221
40
155
12
229
9
39
150
0
231
2
9
38
149
251
231
0
3
15
60
225
186
73
20
227
17
67
251
241
231
251
210
33
124
157
18
28
137
142
69
110
170
210
83
51
83
250
231
0
2
9
37
144
239
231
0
1
4
17
67
251
240
232
249
214
27
139
140
75
119
144
192
151
2
231
3
14
56
212
157
117
150
196
135
212
227
16
63
236
211
32
126
155
26
43
100
181
191
107
174
215
164
106
182
216
60
226
189
70
30
224
29
113
146
194
144
239
231
0
1
4
18
71
8
10
177
88
236
231
0
3
13
52
200
128
153
33
54
71
204
108
131
181
193
111
171
228
192
64
45
218
51
195
117
164
250
238
236
241
231
250
211
31
128
153
33
55
70
205
104
118
169
234
206
41
104
177
205
141
137
85
131
106
156
22
35
120
161
5
3
192
64
46
218
54
206
142
136
88
135
93
140
75
118
146
194
145
239
231
0
1
4
16
66
248
234
244
225
7
184
76
12
229
9
36
141
230
231
2
10
42
163
36
222
36
141
229
231
3
12
49
188
98
182
187
96
184
179
76
200
121
171
210
83
49
81
255
231
2
8
35
137
217
229
10
43
165
40
220
43
168
47
217
56
212
157
117
149
196
136
216
228
12
47
181
81
197
133
207
226
21
83
50
81
254
231
1
6
27
105
120
170
230
196
57
63
209
89
69
110
172
211
81
42
69
33
223
33
127
189
220
46
178
74
202
115
152
198
128
193
221
40
156
16
228
12
50
190
105
176
209
150
126
120
170
229
195
59
58
212
77
28
46
92
188
167
44
219
51
194
114
167
240
218
20
155
119
143
191
155
13
229
10
40
156
16
228
13
52
197
121
160
8
10
178
87
238
231
0
2
8
32
124
179
215
66
247
232
248
215
24
145
133
100
149
47
78
8
230
6
27
106
123
173
219
172
95
216
228
12
49
186
94
186
174
63
209
89
69
110
170
210
84
52
85
245
231
0
0
0
1
5
20
78
34
55
68
206
101
107
158
18
27
137
142
71
112
165
207
96
92
140
76
119
142
190
158
20
227
17
67
252
242
228
255
201
50
82
196
138
220
229
9
36
139
224
230
5
23
92
80
125
125
176
211
154
120
138
187
168
49
217
59
222
179
85
243
231
0
0
0
0
1
6
23
93
82
127
117
167
240
218
19
156
118
147
195
142
232
231
2
8
33
129
196
222
36
139
222
230
7
28
111
140
188
164
38
221
40
155
12
229
9
38
148
248
231
0
1
5
23
89
71
113
163
205
101
109
159
12
17
161
111
169
209
87
63
101
198
223
32
126
184
218
55
208
147
130
107
157
19
30
131
149
46
76
13
229
10
42
161
28
225
26
101
109
159
12
17
160
112
165
207
96
93
141
72
114
160
203
109
132
182
188
98
182
186
95
185
176
68
205
101
110
160
10
13
171
97
210
227
18
71
10
14
169
100
199
224
31
121
171
210
82
46
76
14
229
11
44
169
50
216
60
229
194
61
53
215
66
248
235
242
228
0
199
52
76
200
121
172
211
80
39
64
46
218
53
202
134
146
57
92
224
230
5
22
89
71
112
165
207
96
92
140
75
118
145
193
148
249
231
0
1
7
30
117
157
202
115
152
198
129
195
222
37
143
235
231
1
4
18
72
12
17
162
109
173
211
78
33
54
70
204
106
125
175
213
160
113
161
205
104
119
170
232
201
50
83
195
139
223
230
6
26
102
111
161
6
7
185
76
13
229
10
40
155
12
229
9
39
150
0
231
2
10
40
154
11
229
8
33
130
197
223
34
133
207
226
21
84
51
84
247
231
0
0
2
10
42
162
31
224
30
116
157
201
117
157
202
115
154
199
125
182
216
60
225
187
73
21
227
18
71
7
9
180
83
249
231
0
2
8
31
123
176
213
71
11
15
167
102
193
221
40
153
8
230
6
27
107
126
176
208
149
128
116
167
243
223
9
180
83
249
231
0
1
7
28
110
135
185
178
74
201
116
156
201
119
163
206
100
105
155
26
42
102
179
198
124
157
21
33
125
156
22
35
118
163
254
246
221
13
170
98
206
226
21
85
56
91
225
230
5
21
82
46
75
16
228
12
50
193
111
170
230
198
55
69
205
103
115
166
245
229
255
201
49
84
194
143
236
231
0
3
12
50
192
110
172
224
184
77
11
229
8
34
132
203
225
26
102
110
160
8
10
178
87
239
231
0
1
4
18
73
15
23
148
129
112
163
0
251
210
33
125
156
22
35
119
163
0
250
211
31
129
152
37
61
53
214
67
250
239
235
242
228
0
199
53
73
202
113
147
194
143
236
231
0
3
14
57
215
163
109
174
212
75
23
38
112
169
234
205
43
100
181
191
106
175
212
156
117
148
195
140
227
230
4
17
68
254
246
220
16
164
107
179
215
66
246
231
250
212
29
132
147
52
84
246
231
0
0
1
7
30
118
160
204
107
128
179
200
129
151
39
64
46
218
53
204
137
142
71
112
164
206
99
102
151
40
66
41
220
44
170
53
214
67
253
244
224
8
181
81
254
231
1
6
27
106
124
174
215
164
106
182
216
60
226
187
72
25
226
22
87
64
102
195
222
37
146
243
231
0
0
0
0
3
13
53
202
133
147
52
86
242
231
0
0
0
2
8
32
125
182
216
59
224
185
76
12
229
9
38
147
247
231
0
0
3
12
48
185
93
187
168
49
216
59
223
182
80
2
231
3
12
50
192
110
171
227
190
67
36
222
37
144
237
231
0
2
10
42
162
32
224
31
120
168
209
89
68
109
174
212
76
26
42
102
179
199
126
154
28
46
93
187
169
51
215
64
240
217
20
154
121
138
187
170
54
214
70
4
3
193
63
48
217
58
220
174
92
223
230
6
27
107
128
178
201
132
148
48
79
4
230
4
16
66
248
235
243
227
1
196
57
62
209
87
64
102
193
221
40
155
12
229
9
38
146
244
231
0
0
0
0
1
7
28
109
134
183
183
86
193
148
250
231
0
2
10
43
165
41
220
45
173
62
209
87
63
101
197
223
34
132
204
225
24
96
93
141
72
114
160
203
109
134
183
182
85
193
147
247
231
0
0
2
11
45
173
61
210
83
49
81
255
231
2
8
34
132
204
225
24
95
88
135
93
141
73
115
155
200
122
173
211
78
33
54
71
203
108
132
182
189
102
179
198
124
157
20
31
128
153
34
55
68
206
100
104
154
30
50
83
195
139
224
230
6
24
97
95
144
64
102
193
221
39
152
5
230
4
18
73
17
27
138
141
74
117
149
196
136
216
228
12
48
182
85
193
146
243
231
0
0
0
0
0
0
2
11
44
170
53
214
68
254
246
221
14
168
100
199
224
31
122
173
211
78
33
54
71
204
107
126
177
207
145
132
102
152
37
60
55
213
71
11
15
167
102
193
221
40
155
12
229
9
38
146
244
231
0
0
0
0
0
3
13
53
203
136
143
67
107
179
215
65
243
224
8
181
81
255
231
2
8
32
124
179
215
66
246
231
251
211
32
125
155
25
40
107
175
214
160
112
165
207
96
93
141
74
116
151
197
131
201
224
29
113
146
194
146
243
231
0
0
0
0
2
10
40
155
13
229
10
41
157
19
228
15
61
230
197
57
64
208
92
79
123
129
179
199
125
155
24
40
108
174
218
170
98
205
226
23
92
81
126
122
172
222
179
84
246
231
0
0
2
8
32
125
184
217
56
213
160
112
164
206
98
100
149
46
75
16
228
12
49
188
100
181
192
109
173
221
177
88
234
231
1
5
23
92
80
125
125
175
211
156
119
144
192
151
1
231
2
11
46
176
69
205
103
116
167
242
223
10
177
88
234
231
1
5
21
82
47
78
8
230
6
25
101
108
158
17
27
139
140
77
120
140
188
165
39
221
42
162
31
224
30
117
157
202
116
154
200
123
177
214
69
3
255
201
50
83
195
139
224
230
6
24
95
90
138
83
129
112
162
1
252
207
38
112
170
231
199
53
73
202
114
148
195
140
227
230
4
16
64
242
223
10
177
88
235
231
1
4
18
72
13
20
155
119
142
191
156
17
228
13
54
204
138
141
73
115
156
201
117
159
203
111
139
188
166
41
220
45
175
66
207
96
92
140
75
118
146
193
146
245
231
0
0
0
1
6
26
104
117
167
240
218
18
158
115
156
201
119
164
207
97
95
143
65
103
190
220
45
172
58
212
78
32
52
76
200
121
171
210
82
48
78
7
230
6
24
96
94
142
70
111
168
209
89
68
108
176
213
72
12
17
161
111
169
209
87
63
102
196
222
36
139
224
230
6
24
96
93
141
72
113
160
204
107
126
177
207
145
133
100
149
47
77
10
229
8
31
123
176
213
71
10
14
169
100
200
224
30
118
160
204
107
127
177
206
143
134
94
142
70
110
169
209
86
61
98
208
226
20
80
40
66
39
221
42
162
31
224
29
114
149
196
136
215
228
13
51
196
120
162
4
2
196
58
60
210
83
48
79
5
230
4
19
74
20
32
127
153
32
52
76
200
122
172
211
79
36
59
59
211
79
35
57
63
209
89
68
108
175
213
72
13
20
155
119
143
191
154
9
230
7
29
115
151
197
131
202
225
27
107
128
178
202
134
145
58
94
217
229
11
44
170
54
214
69
1
252
208
37
115
166
243
224
8
182
80
3
231
3
15
59
222
180
84
246
231
0
0
2
8
33
129
194
222
39
149
253
231
1
6
25
97
97
146
57
93
221
229
8
33
129
193
221
40
153
8
230
6
25
99
103
152
36
59
58
211
78
34
56
66
207
95
88
134
95
143
66
106
182
217
59
222
179
85
243
231
0
0
0
0
3
12
48
183
86
192
149
253
231
1
6
25
98
97
146
56
91
228
231
3
15
61
231
198
54
73
203
112
142
191
156
17
228
13
53
200
130
151
40
67
38
221
40
156
15
228
12
48
184
90
189
161
29
225
26
105
120
170
230
197
55
68
206
100
105
154
28
46
91
189
163
33
223
33
129
193
221
40
154
10
229
8
31
123
178
214
68
254
247
219
17
161
111
168
209
88
66
106
182
216
59
224
184
77
9
230
7
28
110
137
186
173
61
210
85
55
90
230
231
2
10
42
164
36
222
37
143
235
231
1
5
20
80
38
63
49
217
59
222
179
85
244
231
0
0
0
0
2
9
36
141
231
231
2
10
42
161
30
224
28
112
142
191
156
16
228
13
52
198
125
156
23
37
115
167
241
220
15
167
103
191
221
42
164
37
222
39
150
0
231
2
10
39
152
4
230
4
16
64
240
218
20
155
119
143
191
155
12
229
9
36
140
227
230
4
18
72
11
16
164
107
180
215
63
237
213
29
134
146
57
92
223
230
6
27
107
128
178
202
134
146
57
92
224
230
6
24
96
92
140
75
118
145
193
148
249
231
0
1
7
30
118
160
204
108
130
180
194
115
167
242
222
11
174
92
223
230
6
25
100
106
156
22
35
118
163
255
248
216
23
147
130
108
158
15
22
149
127
118
168
237
212
30
131
149
47
77
11
229
8
35
136
216
229
11
47
179
76
200
122
174
212
76
26
43
100
181
191
108
174
217
168
101
197
223
34
134
208
226
20
79
37
61
53
214
67
250
239
235
243
225
5
188
70
29
225
27
106
125
175
213
158
115
156
201
119
165
207
96
91
139
80
125
125
175
212
157
117
148
195
139
224
230
5
23
91
76
119
144
192
152
4
230
4
16
66
246
231
249
213
28
136
144
63
102
195
222
36
141
230
231
2
11
45
172
60
211
81
42
70
30
224
29
113
146
194
145
242
231
0
0
0
1
6
27
105
122
172
222
180
84
247
231
0
0
3
12
49
188
100
181
191
106
176
210
153
122
133
183
185
91
188
165
40
220
43
167
45
218
52
200
128
152
35
58
61
210
83
50
82
252
231
1
4
17
69
1
252
207
39
110
171
226
189
69
32
224
30
119
165
207
95
89
136
87
134
95
144
64
103
192
221
42
161
28
225
25
100
107
157
21
33
124
157
18
29
134
146
57
92
224
230
6
24
94
85
131
104
154
30
49
84
194
144
239
231
0
1
5
23
90
74
116
152
198
129
196
222
36
140
227
230
4
17
69
4
1
197
57
64
208
92
79
123
131
181
192
110
171
227
190
68
36
222
36
141
229
231
3
12
50
192
108
173
219
174
93
222
230
7
29
113
146
193
146
244
231
0
0
0
0
3
14
58
221
178
86
241
231
0
0
1
4
18
72
11
16
165
106
183
217
57
218
171
97
208
226
20
79
35
58
61
210
83
51
83
249
231
0
1
7
30
116
157
201
117
158
202
113
147
194
143
235
231
1
4
19
77
29
48
88
191
153
8
230
6
27
106
125
176
211
154
121
138
187
170
53
214
68
254
246
221
14
168
101
199
224
31
122
174
212
75
24
38
111
170
229
194
61
54
214
70
4
3
193
62
50
216
60
228
193
63
47
217
55
210
153
121
135
185
178
75
201
117
160
203
109
133
182
187
96
184
179
77
199
124
181
216
62
232
202
47
89
190
159
22
227
19
76
25
41
104
177
204
139
139
78
122
135
184
179
77
200
122
174
212
74
20
32
125
156
24
38
112
170
231
198
54
72
203
110
138
187
169
52
215
64
241
220
15
165
105
186
218
52
197
122
159
12
18
160
113
161
205
104
119
170
231
200
51
78
198
127
190
220
45
174
64
208
91
75
118
146
193
147
246
231
0
0
2
9
36
139
222
230
7
28
109
132
182
188
100
181
191
108
173
218
171
97
209
227
18
72
13
19
157
116
152
198
129
194
222
39
151
1
231
2
10
43
165
39
221
41
158
21
227
18
70
7
7
183
78
8
230
6
25
99
102
151
39
64
45
218
51
196
118
163
255
248
217
21
153
122
133
183
184
90
190
160
26
226
23
92
79
124
128
178
202
133
147
52
85
245
231
0
0
0
2
8
34
133
207
226
20
80
41
67
37
222
38
149
253
231
1
5
21
83
50
81
254
231
1
7
30
117
158
203
112
143
191
155
12
229
9
38
148
249
231
0
1
7
28
111
140
189
164
36
222
37
144
237
231
0
2
10
41
159
25
226
22
86
60
97
210
227
18
71
9
11
174
92
225
230
5
22
89
70
110
169
209
86
59
96
213
228
14
57
215
164
107
181
216
61
232
201
49
84
194
143
236
231
0
3
14
55
210
152
123
131
181
192
109
172
223
182
80
2
231
3
12
51
194
114
168
238
214
26
140
138
81
126
121
171
225
187
72
23
227
19
77
30
49
85
194
145
241
231
0
0
1
5
21
83
50
81
254
231
1
6
26
102
112
163
0
249
213
28
136
143
67
107
179
215
65
243
224
7
183
78
7
230
5
23
90
74
116
151
197
131
201
224
28
111
139
188
167
44
219
50
191
107
175
214
162
110
172
211
80
40
66
40
220
44
168
48
217
56
214
162
109
173
212
77
31
50
81
197
134
210
227
17
68
255
249
215
25
142
136
90
138
83
129
113
163
255
248
217
22
151
125
125
175
212
157
117
150
196
136
214
228
14
56
212
156
118
145
193
148
250
231
0
3
12
49
187
97
184
181
81
196
135
212
228
15
62
233
203
46
92
188
165
41
220
45
173
62
209
86
61
98
206
226
22
88
67
107
180
215
64
241
220
16
164
107
178
214
66
249
237
238
237
238
237
238
236
241
231
251
210
34
122
159
11
16
164
107
181
216
61
232
200
50
81
196
135
213
228
14
58
220
175
91
227
230
4
18
71
10
13
170
98
206
226
22
88
68
108
178
214
68
254
246
221
14
168
102
195
222
36
142
232
231
2
9
35
137
219
229
9
38
148
250
231
0
2
11
47
179
77
199
124
181
216
62
232
202
48
87
192
151
2
231
3
13
52
200
129
151
39
63
47
217
55
209
149
127
119
170
232
201
49
83
195
140
227
230
4
17
69
1
252
208
38
112
169
232
202
48
86
192
150
255
231
2
8
33
130
198
223
32
124
180
215
64
240
218
19
156
117
148
195
140
227
230
4
16
64
241
221
14
168
101
198
223
33
129
195
222
37
144
237
231
0
2
10
40
153
8
230
6
26
105
120
170
230
197
56
67
206
98
99
148
51
83
249
231
0
1
6
27
107
128
178
200
130
151
41
68
35
223
35
137
218
229
10
41
159
23
226
20
80
39
64
44
219
50
192
109
172
222
179
85
243
231
0
0
0
1
4
16
63
238
214
27
138
141
73
116
153
199
127
187
219
50
190
104
177
206
143
135
93
140
75
118
147
194
143
236
231
0
3
12
50
193
111
171
228
192
64
45
218
52
200
128
152
36
60
56
212
74
20
32
127
153
31
51
78
199
127
187
219
50
191
106
175
213
159
114
159
203
111
141
189
160
28
225
25
99
103
153
33
54
72
203
111
141
189
161
30
224
28
111
141
189
161
29
225
26
104
118
169
235
207
38
111
170
229
194
61
54
214
69
3
255
200
50
81
197
134
209
227
18
74
19
30
131
149
46
76
12
229
9
39
151
1
231
2
11
44
169
50
216
60
228
193
63
49
216
59
224
183
78
6
230
5
22
88
65
104
188
219
48
183
86
192
150
254
231
1
6
26
101
108
158
16
25
144
134
96
144
62
100
201
224
29
113
145
192
150
254
231
1
7
30
116
156
201
119
165
207
95
89
136
90
137
85
132
103
153
33
55
69
205
102
113
163
255
248
216
23
148
129
112
162
1
252
208
36
116
166
246
230
253
206
40
106
175
211
155
120
141
189
161
29
225
27
107
128
178
200
129
151
40
65
42
219
47
180
80
197
132
204
225
25
98
100
149
46
76
13
229
10
42
161
28
225
26
103
116
166
244
225
5
188
71
27
225
24
96
93
141
74
117
149
196
137
217
229
11
45
173
61
210
85
55
89
232
231
1
7
31
122
173
211
78
33
55
70
204
106
123
174
218
170
99
203
225
25
100
104
154
31
50
81
197
133
207
226
21
82
46
75
14
229
11
45
172
60
211
81
43
71
27
225
25
98
99
148
50
82
252
231
1
5
20
79
36
60
57
212
75
23
37
114
168
238
214
26
141
137
86
133
99
148
49
81
255
231
2
8
33
130
198
223
32
127
188
219
48
183
87
192
151
3
231
3
15
60
225
187
72
23
226
20
78
34
57
64
208
92
78
122
133
183
184
90
189
161
30
224
28
109
134
183
183
88
191
155
12
229
9
37
144
237
231
0
2
10
40
156
17
228
13
53
203
135
144
63
101
197
223
34
133
205
226
23
