0.542542472638434
0.992760552087232
0.028748153226743
0.111686787651181
0.396851396461363
0.957441462352116
0.162989234084630
0.545694974628544
0.991647877174787
0.033129459478103
0.128127593571166
0.446843653347313
0.988697611242157
0.044698579064838
0.170802464377689
0.566515930160788
0.982302524139381
0.069537100835129
0.258806769770296
0.767303302765444
0.714195777322742
0.816480675908426
0.599359927106184
0.960510419541815
0.151720613973685
0.514805877076533
0.999123144015978
0.003504348430419
0.013968271889990
0.055092637081590
0.208229753683943
0.659480493458671
0.898263888824716
0.365543499432859
0.927685797820953
0.268339433369019
0.785333527472852
0.674339112399597
0.878423495550883
0.427182632060202
0.978790523705280
0.083038537640093
0.304572555626752
0.847232455942965
0.517718486159268
0.998744220992895
0.005016808104760
0.019966558964801
0.078271581951623
0.288580565641653
0.821207291102387
0.587303504570666
0.969512392358719
0.118232453686370
0.417014162326683
0.972453402982631
0.107151128040525
0.382679055200673
0.944943183645573
0.208102253309368
0.659182821907727
0.898643316837971
0.364334023761683
0.926378971565218
0.272803890427949
0.793527711181298
0.655365931074673
0.903445709845199
0.348926236830013
0.908706872326634
0.331834770051921
0.886881821746039
0.401289824009863
0.961025204623985
0.149823042805651
0.509504394600428
0.999638665933117
0.001444814018299
0.005770906123006
0.022950411062103
0.089694758776735
0.326598436098874
0.879727590546575
0.423227827910772
0.976424134370808
0.092080176756106
0.334405671218682
0.890314073101860
0.390619697354545
0.952143797572754
0.182263945265953
0.596175198088170
0.963001325090805
0.142519091856633
0.488829601251976
0.999500888767241
0.001995448482947
0.007965866673195
0.031609646565359
0.122441907237487
0.429799546358135
0.980287585233905
0.077295341880737
0.285283088017107
0.815586590834123
0.601620414742784
0.958693165230019
0.158402320685068
0.533244101946610
0.995579318743053
0.017604555336684
0.069178539872326
0.257571477973837
0.764913646832841
0.719283038886900
0.807659795426106
0.621381801113468
0.941065833433802
0.221843722309381
0.690516340725197
0.854814095666723
0.496427830064823
0.999948958407817
0.000204155947756
0.000816457072421
0.003263161881078
0.013010054622462
0.051363172404730
0.194899987701008
0.627655929980619
0.934815854163133
0.243740691873541
0.737324667994194
0.774708007845781
0.698142041701608
0.842958925241272
0.529516702389405
0.996515057120221
0.013891192211614
0.054792907962216
0.207162580797042
0.656984983658204
0.901422859623333
0.355438751087303
0.916408181251205
0.306416906348254
0.850102343408877
0.509713396558452
0.999622599709193
0.001509031439310
0.006027017053701
0.023962768476541
0.093554216813924
0.339207301321030
0.896582832206136
0.370888228797439
0.933320602147750
0.248933023017244
0.747861492274961
0.754258722588917
0.741410007949808
0.766884832246694
0.715089945266616
0.814945261780816
0.603237928327254
0.957367720618787
0.163259072543899
0.546422191104020
0.991379920692408
0.034183094161293
0.132058440939413
0.458476036464258
0.993103041809129
0.027397560634336
0.106587737222495
0.380907165985132
0.943267587545228
0.214055383327334
0.672942704783688
0.880363283448409
0.421295090417382
0.975222148830368
0.096655637044191
0.349253299487091
0.909101729137886
0.330543100865568
0.885137437342971
0.406676617427555
0.965162985060948
0.134493589316752
0.465620254997795
0.995272132534333
0.018822058939575
0.073871156147401
0.273656833747389
0.795075084362971
0.651722778352743
0.907920794115698
0.334402502912074
0.890309875832858
0.390632803309357
0.952155265152121
0.182222464780860
0.596069752440193
0.963082410664320
0.142218723733289
0.487970233411854
0.999421138863339
0.002314104225782
0.009234996589657
0.036598845710585
0.141037480812951
0.484583639275549
0.999049343288054
0.003799011855047
0.015138317455887
0.059636595201968
0.224320286858737
0.696002783049404
0.846331636147554
0.520217591213434
0.998364996022106
0.006529322959545
0.025946763604941
0.101094116253482
0.363496383649638
0.925467050893093
0.275911154417337
0.799136757141718
0.642068802106947
0.919265821871588
0.296864682441366
0.834944171041412
0.551249609141525
0.989493910251364
0.041582847307320
0.159414856468545
0.536007040022632
0.994813972275234
0.020636531364815
0.080842659752175
0.297228496465477
0.835534869417395
0.549665405620206
0.990133389938322
0.039077040270277
0.150200100775968
0.510560122011429
0.999553935292415
0.001783462935447
0.007121128781618
0.028281673225975
0.109927280742057
0.391373094762855
0.952800781834401
0.179885807880620
0.590107616015028
0.967522470144353
0.125690959640489
0.439570969220569
0.985393328956234
0.057573264819140
0.217034335988819
0.679721731962846
0.870800396241100
0.450028264589774
0.990011302640361
0.039555693138785
0.151964161116381
0.515484219410303
0.999040955797014
0.003832497748809
0.015271238839258
0.060152112414288
0.226135343145547
0.699992598903970
0.840011841534542
0.537567790465157
0.994354644478264
0.022453941931076
0.087799049691328
0.320361506258511
0.870920046265157
0.449673277114616
0.989868883854471
0.040113906524699
0.154019124112106
0.521188934079382
0.998204116290318
0.007170634045531
0.028476864211666
0.110663729665344
0.393669074407598
0.954774937050653
0.172719026522300
0.571548657597956
0.979523158383722
0.080230162294801
0.295173133411805
0.832183818894647
0.558615641858274
0.986256826118170
0.054217196213935
0.205110767394539
0.652161361973450
0.907387679689539
0.336141113748693
0.892601061585925
0.383457625766420
0.945671500032001
0.205507656236904
0.653097037859675
0.906245187994373
0.339859388925665
0.897419938738954
0.368229569170903
0.930546214236457
0.258519829626620
0.766749309265773
0.715379224024931
0.814447159433674
0.604491935696376
0.956325741497698
0.167067270586304
0.556623190740588
0.987175257081420
0.050641075550609
0.192306228070746
0.621298170863794
0.941147014980392
0.221557244695560
0.689878528073888
0.855784578305975
0.493669335358558
0.999839690740790
0.000641134240604
0.002562892749957
0.010225297322836
0.040482962469984
0.155376368878552
0.524938211490672
0.997512342430586
0.009925876516925
0.039309413969183
0.151056735770331
0.512954393394974
0.999328734767073
0.002683258543656
0.010704234668976
0.042358616116508
0.162257455028810
0.543719893265534
0.992354283731401
0.030349037165355
0.117711892433962
0.415423211254310
0.971387067221868
0.111176931423866
0.395266485372157
0.956123563654797
0.167805178715392
0.558586402846750
0.986270533605913
0.054163872586481
0.204920589971667
0.651712567109323
0.907933187924396
0.334362056759356
0.890256287036037
0.390800121715384
0.952301546330500
0.181693244748154
0.594723238244165
0.964110032546157
0.138407510760022
0.477003486900945
0.997884641541140
0.008443534869802
0.033488966354817
0.129469821949211
0.450829548614602
0.990329066842225
0.038309624838532
0.147367989933053
0.502602661904578
0.999972904604042
0.000108378647191
0.000433467605038
0.001733118843492
0.006920460570267
0.027490271183050
0.106938224693330
0.382009763171076
0.944313216052218
0.210343064165340
0.664395438091502
0.891896559738813
0.385668345859532
0.947713091446017
0.198211950991401
0.635695893902333
0.926346497512187
0.272914656236364
0.793728986591005
0.654893129744885
0.904032473431337
0.347031041651823
0.906401991127494
0.339349686430433
0.896765906999999
0.370307260169874
0.932719172941421
0.251016469475571
0.752028806110362
0.745925923562342
0.758081760480037
0.733575219630100
0.781770467099002
0.682421615483240
0.866889416817940
0.461568623307968
0.994092117142221
0.023491919111672
0.091760195392492
0.333361047736094
0.888925838353551
0.394946769043950
0.955855274662779
0.168783874248489
0.561183512168637
0.985026311354841
0.058997909174067
0.222068623548624
0.691016599935373
0.854050634196518
0.498592593700174
0.999992076830029
0.000031692428778
0.000126765697473
0.000506998511726
0.002026965856939
0.008091429065415
0.032103831364378
0.124292701504424
0.435376103428624
0.983295007967729
0.065703741093893
0.245547038000639
0.741014760519006
0.767647540847865
0.713459175512362
0.817740721558330
0.596163335454368
0.963010451657163
0.142485286624919
0.488732918881335
0.999492211532262
0.002030122474441
0.008104004308720
0.032153317691535
0.124477927411849
0.435932691996399
0.983581520180687
0.064595653358945
0.241692219704302
0.733108362554838
0.782641965228008
0.680454077968198
0.869745302978590
0.453153643701082
0.991221675606059
0.034805061659102
0.134374677368033
0.465272493801079
0.995176001252816
0.019202911133086
0.075336637348403
0.278644113685752
0.804006286376135
0.630320711375165
0.932066048746684
0.253275718081712
0.756508514847621
0.736813527242672
0.775677413259537
0.696007855274121
0.846323682683357
0.520239627250550
0.998361429955035
0.006543540532690
0.026002890439947
0.101306960514862
0.364175441064408
0.926206756759808
0.273391201969144
0.794593810620042
0.652857946977451
0.906537792183356
0.338908094106731
0.896197591422697
0.372109874203415
0.934576462894935
0.244573191590908
0.739028582183781
0.771461347596846
0.705234947043617
0.831514466048015
0.560392635203598
0.985410918452661
0.057504960987778
0.216792561798288
0.679174187788895
0.871586441720760
0.447694065317218
0.989056356787842
0.043295519541612
0.165684070116934
0.552931436105684
0.988793052287160
0.044325408143208
0.169442665344585
0.562927394022031
0.984160572326384
0.062354160818351
0.233864477787963
0.716687535267705
0.812186048238429
0.610159485141093
0.951459551333797
0.184737094037946
0.602437200497444
0.958026479816986
0.160846975145840
0.539900902929094
0.993631671781772
0.025311090455731
0.098681756622690
0.355774670130201
0.916796216895790
0.305123654325429
0.848092839586101
0.515325500115541
0.999060516184834
0.003754404741307
0.014961236745382
0.058949592561723
0.221898152394120
0.690637449432784
0.854629451495051
0.496951808529277
0.999962834115031
0.000148658014663
0.000594543661832
0.002376760718664
0.009484446908601
0.037577968701756
0.144663459880023
0.494943773022255
0.999897738274998
0.000409005070166
0.001635351140075
0.006530707066894
0.025952227728403
0.101114838417345
0.363562511476718
0.925539246901837
0.275665397384869
0.798695944278044
0.643122931487390
0.918063305929823
0.300892288940108
0.841424477585962
0.533717304420611
0.995452573530431
0.018106989528290
0.071116505834048
0.264235793728015
0.777660956163763
0.691617573688900
0.853130821814316
0.501194490738984
0.999994292767498
0.000022828799718
0.000091313114256
0.000365219104685
0.001460342878764
0.005832841109762
0.023195276297401
0.090629021819552
0.329661608894331
0.883939330062129
0.410362363325775
0.967860376365839
0.124426672907263
0.435778703905969
0.983502500512011
0.064901327994532
0.242756582476312
0.735303296562935
0.778529434506462
0.689685416454042
0.856077771138627
0.492834483603790
0.999794621499103
0.000821345282275
0.003282682696810
0.013087626764487
0.051665363160641
0.195984213640482
0.630297606576815
0.932090134881414
0.253192461352646
0.756344155467340
0.737150695830945
0.775038189867594
0.697415976457429
0.844107728957439
0.526359483487016
0.997220710521191
0.011086260115208
0.043853419807465
0.167721189514622
0.558363168409690
0.986374962292729
0.053757584218987
0.203470825431702
0.648281794519375
0.912050037656455
0.320859065869256
0.871634102875057
0.447552374321005
0.988996986242544
0.043527789782836
0.166532485197828
0.555197666286654
0.987812870546029
0.048154413318573
0.183342263186069
0.598911510863517
0.960866052074786
0.150409928180004
0.511147126739560
0.999502966261809
0.001987146782618
0.007932792121128
0.031479451721164
0.121953983361996
0.428324837216552
0.979450684159865
0.080508165834549
0.296106404274023
0.833709606487727
0.554551594151224
0.988096494302240
0.047047248999452
0.179335221444143
0.588696399174893
0.968531795093632
0.121911827945356
0.428197336609511
0.979377510120129
0.080788811164103
0.297047916619177
0.835241807405534
0.550451722269883
0.989818494880010
0.040311368293925
0.154745447520788
0.523197175969515
0.997847564108157
0.008591211646296
0.034069610914979
0.131635490108324
0.457230351409062
0.992683028637631
0.029053733169806
0.112838455034814
0.400423752400682
0.960338283656157
0.152354658402013
0.516570865860875
0.998901625618484
0.004388671820938
0.017477645522345
0.068688709717360
0.255882283498898
0.761626161961151
0.726207005509910
0.795321562632958
0.651140698576112
0.908625956935699
0.332099309273536
0.887237432214306
0.400188684368285
0.960150805087464
0.153044946309434
0.518488762874305
0.998632662589511
0.005461871195580
0.021728156634491
0.085024175375034
0.311180259907316
0.857388423005326
0.489094060407066
0.999524241926381
0.001902126911497
0.007594035298839
0.030145463706874
0.116946858899086
0.413081164370894
0.969780464051522
0.117225262382146
0.413934000966333
0.970370575241347
0.115006087788496
0.407118750240322
0.965492293772321
0.133267697754331
0.462029673958366
0.994233017361168
0.022934898200301
0.089635554579371
0.326404087738477
0.879457836984359
0.424046999804607
0.976924567045274
0.090171829394711
0.328163482313287
0.881888844757216
0.416643640999995
0.972206869657049
0.108082688994762
0.385603285337694
0.947653566697884
0.198425136890653
0.636210407762315
0.925786899268896
0.274822065643918
0.797179591516511
0.646737161544318
0.913872821687667
0.314837149873155
0.862858875731614
0.473333745211157
0.997155643422146
0.011345064854048
0.044865417430020
0.171410046995400
0.568114571137740
0.981441620794887
0.072855863065569
0.270191545130159
0.788752296281345
0.666488445569001
0.889126389968072
0.394322610521664
0.955329157412177
0.170701433641269
0.566249816776338
0.982443847108406
0.068991737548962
0.256927510795749
0.763663059968196
0.721927163232829
0.802993336877717
0.632780151230825
0.929477725756476
0.262195532316179
0.773796140598458
0.700142693573557
0.839771608836486
0.538221015314665
0.994156615953265
0.023236955638471
0.090787998124506
0.330182150084203
0.884647591399904
0.408184921721010
0.966279965602492
0.130331974710956
0.453382204315596
0.991307124502109
0.034469237653878
0.133124437237754
0.461609285791540
0.994104612250257
0.023442528612091
0.091571905857449
0.332745967660332
0.888104354664486
0.397500039561852
0.957975032440712
0.161035478643714
0.540412213046815
0.993467412146635
0.025959652597211
0.101142996136973
0.363652361877639
0.925637286313814
0.275331601997648
0.798096443756227
0.644554040879562
0.916416517061560
0.306389137273279
0.850059335336859
0.509833846974065
0.999613181814763
0.001546674227716
0.006177128106196
0.024555884778222
0.095811573203922
0.346526862576445
0.905783984357482
0.341357432155867
0.899330142671279
0.362141748616545
0.923980410101985
0.280962447399011
0.808090202202275
0.620321709227845
0.942090745153960
0.218223092196866
0.682407096915618
0.866910603979266
0.461506434750281
0.994072981737463
0.023567554868212
0.092048500902984
0.334302297537989
0.890177085595244
0.391047367505607
0.952517295490167
0.180912389129059
0.592732386354698
0.965602818083852
0.132856063169503
0.460821318594415
0.993860123693279
0.024408712902638
0.095251710548300
0.344715288743690
0.903546633800178
0.348600457394181
0.908312713994996
0.333122910360164
0.888608147813352
0.395934829812303
0.956681761415223
0.165767075162758
0.553153407818970
0.988698860948921
0.044693693228908
0.170784668057872
0.566469060856939
0.982327455795186
0.069440901544570
0.258475450948990
0.766663568822826
0.715562164250696
0.814131813374224
0.605284815304886
0.955660430664865
0.169494287705241
0.563063896562136
0.984091779801601
0.062620594914073
0.234797024026721
0.718669526139665
0.808734553351418
0.618731902267603
0.943610941535666
0.212837330199361
0.670150404291877
0.884195359677243
0.409575702409894
0.967293785621344
0.126546071678693
0.442128653685536
0.986603629103006
0.052867632575138
0.200290584004152
0.640697063853712
0.920817344891778
0.291651048952937
0.826362858390354
0.573949138653110
0.978126099569852
0.085581731640479
0.313029995399583
0.860168869518880
0.481113541717967
0.998573206774244
0.005699029947388
0.022666204020188
0.088609788862013
0.323032376719369
0.874729841241619
0.438310184332125
0.984777466571455
0.059963231618248
0.225470569888579
0.698534368010794
0.842336418874219
0.531223105249501
0.996100470794314
0.015537291510638
0.061183536332607
0.229760444857775
0.707882331346130
0.827139745256391
0.571918348294335
0.979311004714459
0.081043843038463
0.297902954176080
0.836627136276978
0.546728684487844
0.991265720184142
0.034631968687825
0.133730381730520
0.463386266930919
0.994637738202984
0.021334031781744
0.083515563478719
0.306162856542206
0.849708647264490
0.510815448113762
0.999532104328394
0.001870706980985
0.007468829745507
0.029652185310959
0.115091732868974
0.407382503576762
0.965687997425166
0.132538756216554
0.459888937268490
0.993564410586196
0.025576690410805
0.099690093273741
0.359007914307254
0.920484927088037
0.292769704367072
0.828222418287557
0.569080176533871
0.980911716840197
0.074895682423257
0.277145276710446
0.801343089230146
0.636769370292930
0.925176557398702
0.276899580154354
0.800904810658786
0.637825179689600
0.924016879374118
0.280838744023337
0.807873375514927
0.620855938596179
0.941575368424147
0.220044776004316
0.686500290230107
0.860870566976344
0.479089735560688
0.998251043364312
0.006983591145497
0.027739282400838
0.107879258450898
0.384965296187928
0.947068067675476
0.200520571459664
0.641248287524615
0.920195685085455
0.293742344942262
0.829831118920332
0.564845731967047
0.983180124182631
0.066147870379427
0.247089318494775
0.744144748722251
0.761573366685395
0.726317495363472
0.795121565169619
0.651613047087337
0.908053935811572
0.333967941874741
0.889733422698763
0.392431436926030
0.953716016952806
0.176567103841926
0.581564646731201
0.973388833614457
0.103612048836574
0.371506368689845
0.933957546850920
0.246723390124526
0.743403835559947
0.763018291338824
0.723285513684821
0.800574317514022
0.638620318603919
0.923137629080592
0.283818187424223
0.813061695645806
0.607969498877491
0.953370349248574
0.177821305688905
0.584803555727991
0.971233427743558
0.111756226308227
0.397067088758286
0.957619263133221
0.162338440037630
0.543938683695115
0.992277568300563
0.030651182992339
0.118846751894038
0.418888805833100
0.973683896723278
0.102494263940205
0.367956759198241
0.930258330234275
0.259511077056054
0.768660311765043
0.711286547529240
0.821431979332696
0.586725930649061
0.969914451812217
0.116721631912094
0.412390770223487
0.969298491431865
0.119035703759103
0.419464819958714
0.974056339102870
0.101082349425537
0.363458832240604
0.925426038027602
0.276050744672549
0.799386924153121
0.641469878584534
0.919945093813109
0.294584472729195
0.831217844624229
0.561178957609920
0.985028540583055
0.058989259279488
0.222038106276583
0.690948742550767
0.854154310873124
0.498298896359930
0.999988424985623
0.000046299521585
0.000185189511755
0.000740620866401
0.002960289388532
0.011806104301071
0.046666880809212
0.177956332179004
0.585151504065599
0.970996885421465
0.112647735693117
0.399832893345323
0.959866202977722
0.154092301435410
0.521391456294995
0.998169622390317
0.007308109309955
0.029018803393074
0.112706849770834
0.400016063142275
0.960012849481722
0.153552713246827
0.519897110005459
0.998416420053723
0.006324288883324
0.025137169013778
0.098021166991005
0.353652071250904
0.914329135003399
0.313325471549342
0.860610481710898
0.479840321920937
0.998374349518994
0.006492030966078
0.025799538000055
0.100535687356153
0.361713051695916
0.923506879714975
0.282567691336344
0.810892764596770
0.613382755685509
0.948577402852641
0.195113254599918
0.628176289917381
0.934283354812062
0.245591870932724
0.741106015457953
0.767471557239957
0.713835864270530
0.817096892606702
0.597798242796694
0.961742014823516
0.147177246986881
0.502064419824974
0.999982952683145
0.000068188104976
0.000272733821432
0.001090637750778
0.004357793040300
0.017355210720471
0.068216029525275
0.254250411364327
0.758428558741590
0.732858720106978
0.783107265880560
0.679401104022535
0.871260975501982
0.448661152277266
0.989457290858008
0.041726241703758
0.159940649828151
0.537438553442798
0.994393418864443
0.022300589534110
0.087213092962165
0.318427877512551
0.868126257341612
0.457932234622629
0.992921212464618
0.028114713209643
0.109297104443132
0.389404989613916
0.951074974710807
0.186125468758578
0.605931114551909
0.955114395879161
0.171483546654185
0.568307759524347
0.981336199955056
0.073261850451306
0.271578206879028
0.791293937709599
0.660591367414546
0.896841650847705
0.370066816609873
0.932469471416430
0.251880625171175
0.753747103338211
0.742449630189868
0.764872707283184
0.719369795745906
0.807507570857598
0.621756375461038
0.940701540138363
0.223128610078701
0.693368933772191
0.850433821807223
0.508784546134333
0.999691326996855
0.001234310896488
0.004931149492395
0.019627333028315
0.076968403306041
0.284177072794238
0.813681856369345
0.606414771938725
0.954703585252916
0.172978598232576
0.572228011144276
0.979132457624569
0.081728352202561
0.300195314595259
0.840312350761250
0.536750015677407
0.994597745390841
0.021492281017186
0.084121451495457
0.308180131575018
0.852820552309690
0.502070631471540
0.999982849941236
0.000068599058557
0.000274377410903
0.001097208511759
0.004384018580962
0.017459195848176
0.068617489314044
0.255636517897124
0.761145954458230
0.727211161880399
0.793500351667836
0.655430174283427
0.903365843688894
0.349183984580586
0.909018117972044
0.330816716682429
0.885508066583546
0.405534122396067
0.964304791874075
0.137684240971089
0.474909163037216
0.997481799602028
0.010047436258911
0.039785941134137
0.152812080088832
0.517842193071025
0.998726624585665
0.005087015717556
0.020244551954583
0.079338840282964
0.292176754822073
0.827237995054861
0.571661178369900
0.979458702058549
0.080477412081325
0.296003192904071
0.833541210778666
0.555001042849206
0.987899541141999
0.047816151013707
0.182119066863767
0.595806849393751
0.963284190436972
0.141471035564637
0.485827926643626
0.999196609347126
0.003210980865330
0.012802681868851
0.050555092823265
0.191997101651586
0.620536858435905
0.941883463033610
0.218956020389697
0.684057126099214
0.864491897328392
0.468582627127795
0.996051794727235
0.015730467791555
0.061932080698455
0.232385992315261
0.713530971563650
0.817618096732335
0.596474978512517
0.962770314084038
0.143374545610244
0.491273141125200
0.999695367736717
0.001218157849868
0.004866695765283
0.019372044150444
0.075987072223510
0.280852148313636
0.807896876405005
0.620798054000164
0.941631320599094
0.219847106663600
0.686057425420975
0.861530537782874
0.477182681001705
0.997917479814920
0.008312733179034
0.032974526584512
0.127548828724157
0.445120500061009
0.987952961945785
0.047607627713340
0.181364565987392
0.593885840766388
0.964741795614354
0.136060253636585
0.470191444067732
0.996445799972931
0.014166270756945
0.055862350119143
0.210966991833238
0.665839680760290
0.889988801141301
0.391634939937484
0.953028055030589
0.179062325420807
0.587996036142801
0.969026790492619
0.120055479200770
0.422568644458575
0.976017540716070
0.093629203722499
0.339451103731160
0.896896207627429
0.369893601483860
0.932289300260637
0.252503843520675
0.754982610111846
0.739935474162201
0.769723872954239
0.708996129434263
0.825282471525988
0.576765254871780
0.976428382577883
0.092063985096891
0.334352830979882
0.890244061582482
0.390838289598433
0.952334883928817
0.181572611124414
0.594415992055504
0.964342481776700
0.137544238469821
0.474503283734313
0.997399669838668
0.010374273777535
0.041066592884496
0.157520511333421
0.530831199370715
0.996197748581453
0.015151177210789
0.059686476159666
0.224496002893232
0.696390190312775
0.845723572595648
0.521900845406807
0.998081411881868
0.007659628551058
0.030403834566071
0.117917765638999
0.416052664742821
0.971811379612875
0.109576088271183
0.390276676601476
0.951843169209532
0.183351001754746
0.598933647641109
0.960848533457699
0.150474516839552
0.511327746485821
0.999486728638212
0.002052031657189
0.008191283293068
0.032496744684325
0.125762825076986
0.439786147622565
0.985497167927474
0.057169999737609
0.215606363470444
0.676481038005980
0.875417772897328
0.436245983171242
0.983741701352794
0.063975865489218
0.239531816496495
0.728625301529537
0.790921886002113
0.661457824979893
0.895725483011049
0.373605368382689
0.936097588393297
0.239275573590202
0.728091093893127
0.791897811546547
0.659182670457346
0.898643509704272
0.364333408682641
0.926378304001315
0.272806167507848
0.793531849910112
0.655356212353389
0.903457789132835
0.348887249552180
0.908659746608379
0.331988846007900
0.887089008536972
0.400648397879456
0.960517036624324
0.151696235915003
0.514737951696890
0.999131171119121
0.003472296069021
0.013840956916120
0.054597539311063
0.206466592048961
0.655352553666596
0.903462336277069
0.348872572823397
0.908642003019922
0.332046853471465
0.887166962284658
0.400406973261082
0.960324916099925
0.152403886470388
0.516707767436438
0.998883402029160
0.004461404719248
0.017766002348715
0.069801486037042
0.259716954336250
0.769056231866209
0.710434976375826
0.822868482870821
0.583023771074776
0.972428213746093
0.107246331426705
0.382978223288874
0.945223615101485
0.207103730223858
0.656847100604886
0.901595948127363
0.354882777790738
0.915763967273071
0.308561294069429
0.853404887486513
0.500419942002581
0.999999294594858
0.000002821618578
0.000011286442466
0.000045145260327
0.000180572888930
0.000722161129448
0.002886558451004
0.011512904925251
0.045521431781734
0.173796924121099
0.574366213148576
0.977878665367762
0.086527924745306
0.316163371938306
0.864816376731625
0.467636045073636
0.995810297686097
0.016688594833695
0.065640342544686
0.245326751901210
0.740566146811248
0.768511716033557
0.711605833410858
0.820891885065985
0.588113592395195
0.968943979340854
0.120366176959859
0.423512641615709
0.976598736029572
0.091414579260058
0.332231815835059
0.887415345527993
0.399637400197702
0.959709394243695
0.154669091376379
0.522986254196737
0.997886528472012
0.008436019064354
0.033459410586800
0.129359513719934
0.450502519720306
0.990199997783845
0.038815848690872
0.149236714325117
0.507860469690242
0.999752852064995
0.000988347411613
0.003949482324026
0.015735535653593
0.061951714285149
0.232454797529120
0.713678258539263
0.817366407310511
0.597114254043276
0.962275286646472
0.145206237423688
0.496485544147775
0.999950594400251
0.000197612635343
0.000790294338356
0.003158679092861
0.012594807356996
0.049744712738546
0.189080705172422
0.613316768415686
0.948637239983303
0.194898507600657
0.627652317342774
0.934819543508078
0.243727858333705
0.737298357623081
0.774757957877553
0.698032258331828
0.843132898639984
0.529039255483689
0.996626886563812
0.013446942167738
0.053064487656303
0.200994591224308
0.642383062091527
0.918908254517762
0.298063497187528
0.836886595327473
0.546029687554653
0.991525071454484
0.033612416526657
0.129930487927581
0.452194224937928
0.990858431482858
0.036232000968754
0.139676972298215
0.480669262831275
0.998505290402055
0.005969901764652
0.023737048150289
0.092694402781601
0.336408601898253
0.892951417868463
0.382356732780657
0.944640246711833
0.209180204016161
0.661695385055673
0.895418409806790
0.374577124743478
0.937076409449547
0.235856849210767
0.720913583564546
0.804788754386682
0.628415260797659
0.934038083177077
0.246443769407876
0.742836951711655
0.764120859533565
0.720960686237003
0.804705500550692
0.628618231736610
0.933829401859791
0.247168200327905
0.744304324298278
0.761261588516646
0.726969529463034
0.793939330781316
0.654398679279329
0.904644191347195
0.345052313635899
0.903964857961648
0.347249574128101
0.906669229583814
0.338480550838828
0.895645870170686
0.373857381667523
0.936352159360909
0.238387172084289
0.726234913079778
0.795271056415142
0.651260012973945
0.908481633900488
0.332571019063950
0.887870145370863
0.398227001319943
0.958569026958676
0.158857790056692
0.534487970379983
0.995242319596278
0.018940179523594
0.074325796492831
0.275205889874148
0.797870432210906
0.645092822457953
0.915792291484740
0.308467081367475
0.853260564320427
0.500827894784054
0.999997258360906
0.000010966526309
0.000043865624178
0.000175454799939
0.000701696062207
0.002804814739373
0.011187791014605
0.044250497387273
0.169169563473008
0.562204889069441
0.984522207103434
0.060952923294467
0.228950657745304
0.706129016253188
0.830043314633973
0.564285641861683
0.983469425001726
0.065029260354002
0.243201822607253
0.736218784351054
0.776802743678842
0.693520964367462
0.850198545401150
0.509443915195676
0.999643249863107
0.001426491464929
0.005697826348119
0.022661444492104
0.088591613702542
0.322972558736487
0.874645140158774
0.438564075821650
0.984902508881408
0.059478227522064
0.223762271891590
0.694770870278016
0.848257232364576
0.514867600423062
0.999115817830641
0.003533601565003
0.014084460899930
0.055544355444352
0.209836720090493
0.663221083968629
0.893435510992423
0.380833994760524
0.943197852781061
0.214302653161029
0.673508104036692
0.879579751334370
0.423676849507750
0.976699106795750
0.091031846320538
0.330980197104049
0.885729224916055
0.404851860182638
0.963787325957183
0.139605265125942
0.480462540300231
0.998473150673920
0.006098072228863
0.024243542975820
0.094623174399197
0.342678517063263
0.900999804026344
0.356796628683335
0.917971177774165
0.301200378200308
0.841914841489198
0.532376964677666
0.995806928633045
0.016701958077868
0.065692010696932
0.245506281710105
0.740931789403934
0.767807491418474
0.713116590160577
0.818325275993315
0.594676074655119
0.964145763551593
0.138274840708434
0.476619636541965
0.997813434418281
0.008727138050705
0.034603900448595
0.133625882089355
0.463080022900788
0.994547661163975
0.021690443348971
0.084879872065183
0.310701117533523
0.856663732387772
0.491163927996894
0.999687695326224
0.001248828558269
0.004989075942003
0.019856740252990
0.077849800478061
0.287156836174348
0.818791150450747
0.593488809577157
0.965039369935384
0.134953537640404
0.466964321274976
0.995634575724708
0.017385469384755
0.068332859356106
0.254653918753297
0.759221201667545
0.731217474424137
0.786153918083695
0.672463740661401
0.881025032628308
0.419279698042386
0.973936931407487
0.101535140192221
0.364903021993469
0.926995226134012
0.270700307435057
0.789686603958490
0.664326685947988
0.891986961141405
0.385384889180506
0.947453505487341
0.199141441708361
0.637936511610706
0.923894075058679
0.281255252520589
0.808602941800674
0.619056897247879
0.943301820870832
0.213933982450419
0.672664934413290
0.880747281696217
0.420126029923767
0.974480595617044
0.099472657531580
0.358311391740739
0.919697353158215
0.295416527007955
0.832582410314052
0.557555761398782
0.986749337319226
0.052300330477177
0.198260023636622
0.635811946656912
0.926220460581040
0.273344475928343
0.794509093631211
0.653057575074091
0.906293514849756
0.339702319164125
0.897218614074560
0.368869490530744
0.931219157945333
0.256200151283670
0.762246535063579
0.724907019388589
0.797667330518964
0.645576641366856
0.915229765953383
0.310336965865194
0.856111733931118
0.492737731826292
0.999789037843893
0.000843670604304
0.003371835296863
0.013441864094375
0.053044721536174
0.200923916213295
0.642213984427231
0.919100730533325
0.297418310665732
0.835842636585897
0.548838893804133
0.990459049807955
0.037799681845914
0.145483463593045
0.497272101656065
0.999970234282501
0.000119059326006
0.000476180603530
0.001903815422252
0.007600763636360
0.030171968114018
0.117046481816578
0.413386411643757
0.969992345248221
0.116428781632309
0.411492481759701
0.968665676859772
0.121409933334286
0.426678245688200
0.978495681378560
0.084167531608269
0.308333432924960
0.853055708262677
0.501406667452558
0.999992085146712
0.000031659162574
0.000126632641084
0.000506466421035
0.002024839651197
0.008082958702334
0.032070497923802
0.124167924346887
0.435001003641091
0.983100521889338
0.066455543000996
0.248156815221755
0.746300041123003
0.757345158971228
0.735093876616293
0.778923476710093
0.688806776559818
0.857408004500364
0.489038073276270
0.999519344650014
0.001921697281681
0.007672017444955
0.030452630373117
0.118101070705901
0.416612831216084
0.972186320328811
0.108160315577351
0.385846646846234
0.947876047855007
0.197628183031119
0.634285137211750
0.927870007696086
0.267709026056607
0.784163613697719
0.677004162601013
0.874678105687656
0.438465268473238
0.984853907263717
0.059666754444427
0.224426531433981
0.696237053689973
0.845964075036315
0.521235435137069
0.998196225178157
0.007202084872939
0.028600859385687
0.111131400912347
0.395124850574424
0.956004812131853
0.168238445250375
0.559737083160446
0.985725923581928
0.056281308641933
0.212454891757936
0.669271242904240
0.885388985302616
0.405901320029681
0.964581753711374
0.136655176473856
0.471922156867023
0.996846538900000
0.012574067132365
0.049663839872462
0.188789371526336
0.612591778900109
0.949292365296436
0.192545481945335
0.621886877311095
0.940574356557400
0.223576945376131
0.694361179489639
0.848894927629586
0.513089317897384
0.999314679027925
0.002739405228961
0.010927603551811
0.043232764129702
0.165454768941631
0.552317953504411
0.989051326964441
0.043315198377276
0.165755967867255
0.553123707934577
0.988711486621127
0.044644331378272
0.170604860216235
0.565995367547336
0.982578445849168
0.068472174407207
0.255134942956623
0.760164415356574
0.729257907928687
0.789763246608646
0.664149043659268
0.892220365862990
0.384652738409208
0.946780036974021
0.201550394245968
0.643711331301052
0.917388213022718
0.303148318518810
0.844997661992113
0.523906452879904
0.997713926042804
0.009123391292234
0.036160620094249
0.139412118594595
0.479905519134246
0.998384847354943
0.006450175707959
0.025634283765183
0.099908669044114
0.359707707575792
0.921272290745442
0.290118628200350
0.823799239085988
0.580616211069342
0.974004106051293
0.101280429786058
0.364090817313636
0.926114776246099
0.273704789858949
0.795161911468871
0.651517784072170
0.908169444439437
0.333590818504006
0.889231937255333
0.393993996081843
0.955050908533215
0.171714682572384
0.568915001445798
0.981002890302903
0.074544878081016
0.275951756931608
0.799209539111868
0.641894606817855
0.919463682224026
0.296200877180247
0.833863670151596
0.554140199011625
0.988275355403927
0.046348709220676
0.176802025497013
0.582172277108667
0.972990867499106
0.105118557049773
0.376274584054186
0.938768085796142
0.229930267547159
0.708249358451403
0.826528818818316
0.573515721924463
0.978381754519700
0.084603587770613
0.309783282827812
0.855270402032943
0.495131765757405
0.999905201181437
0.000379159326989
0.001516062260775
0.006055055263984
0.024073566278937
0.093976118742204
0.340578431393420
0.898339053852069
0.365303992704952
0.927427942475090
0.269221415966045
0.786964980605131
0.670604399625188
0.883576555314117
0.411476104853425
0.968654079952313
0.121453413376204
0.426809927021890
0.978572852869836
0.083872097984105
0.307350276655398
0.851544336380994
0.505666318233787
0.999871571350694
0.000513648621553
0.002053539146586
0.008197288494237
0.032520371822316
0.125851188955418
0.440050668775702
0.985624310743038
0.056676115261398
0.213855732881100
0.672485833579950
0.880994548856919
0.419372614965251
0.973996899129833
0.101307758461211
0.364177986147103
0.926209522211774
0.273381772704045
0.794576716228956
0.652898233023060
0.906488521353704
0.339068328030717
0.896403987828684
0.371455513734066
0.933905260202509
0.246904900674373
0.743771482789404
0.762301856714621
0.724790943856250
0.797876126240865
0.645079253662945
0.915808040626411
0.308414693401699
0.853180281182541
0.501054755935286
0.999995549959668
0.000017800082117
0.000071199061096
0.000284775967160
0.001138779479236
0.004549930642134
0.018116915093145
0.071154769922610
0.264367074559481
0.777908497793371
0.691067467416927
0.853972891579526
0.498812768107317
0.999994361921732
0.000022552185920
0.000090206709277
0.000360794288108
0.001442656462358
0.005762300818758
0.022916386832128
0.089564904186753
0.326172128499084
0.879135484357844
0.425025138002972
0.977515080274107
0.087917392443254
0.320751698196932
0.871480185202865
0.448009888006582
0.989188113019647
0.042779960321107
0.163799341264127
0.547876468262260
0.990831375146931
0.036338244685490
0.140071106634670
0.481804766883235
0.998675733967306
0.005290049408674
0.021048259143711
0.082420919722922
0.302510846859800
0.843992137567867
0.526677637165959
0.997153214700966
0.011354724449982
0.044903178730587
0.171547533081905
0.568475907901671
0.981244200148167
0.073616079295002
0.272787008656936
0.793497026259747
0.655437982306741
0.903356134625637
0.349215314639461
0.909055914642893
0.330693034782664
0.885340606115583
0.406050469113902
0.964693942585128
0.136238158898758
0.470709291834540
0.996568217660664
0.013680020837248
0.053971511468561
0.204234349673438
0.650090720347624
0.909891102662125
0.327957135833709
0.881605011557836
0.417510460615774
0.972781903568713
0.105909086631776
0.378769408002397
0.941212574255643
0.221325857274835
0.689362888705578
0.856566785524315
0.491440509843428
0.999706940513038
0.001171894412396
0.004682084303527
0.018640649560407
0.073172702977492
0.271273834065837
0.790737364068232
0.661887140538626
0.895170214912908
0.375362004982744
0.937861480792314
0.233109294553450
0.715077405384971
0.814966838771476
0.603183561897213
0.957412610216816
0.163094816058555
0.545979588133526
0.991543509900285
0.033539911499632
0.129659943344916
0.451392969746837
0.990549426439872
0.037445040878050
0.144171639166765
0.493544710506932
0.999833316950243
0.000666621066072
0.002664706729707
0.010630424271007
0.042069673403301
0.161199263932161
0.540856244959562
0.993323068991217
0.026529398404348
0.103302357698604
0.370523922370056
0.932943781286259
0.250238728982225
0.750477229998342
0.749044629009431
0.751907091046220
0.746171269922526
0.757598823458924
0.734571384610313
0.779905062088002
0.686612624870047
0.860702912956445
0.479573634338942
0.998331054343523
0.006664641107491
0.026480894665596
0.103118627533221
0.369940704755542
0.932338318882060
0.252334312104938
0.754646828157864
0.740619971636558
0.768408116998489
0.711828330917302
0.820515032883160
0.589080454783628
0.968258690302168
0.122935195825992
0.431288533812868
0.981114937657658
0.074113667050671
0.274483325627893
0.796568918320580
0.648187506744644
0.912161851379225
0.320490433070600
0.871105261523277
0.449123539478961
0.989646343059404
0.040985834914208
0.157223985002373
0.530018414169386
0.996395579243021
0.014365715631944
0.056637367385304
0.213718304003864
0.672171162150304
0.881428363695254
0.418049613475043
0.973136536593641
0.104567270960698
0.374531827218121
0.937030950475106
0.236015793307302
0.721249354467308
0.804194892591198
0.629861869285719
0.932543579622476
0.251624206909500
0.753237861626660
0.743482341755026
0.762865397013954
0.723607132210785
0.799999401697873
0.640001435923672
0.921598391757240
0.289019184270836
0.821948381577027
0.585396958399733
0.970829437984297
0.113278561309565
0.401786115428799
0.961416131509739
0.148380614330348
0.505455230485186
0.999880961841414
0.000476095954011
0.001903477146616
0.007599415685473
0.030166658266849
0.117026523983440
0.413325266671172
0.969949962409506
0.116588131325215
0.411981355837239
0.969010873118997
0.120115203584624
0.422750165809794
0.976129852470343
0.093201454346278
0.338059773016068
0.895101451537570
0.375579371971620
0.938078029284094
0.232350561034259
0.713455111285296
0.817747661864728
0.596145693517993
0.963024022471776
0.142435018456223
0.488589135894395
0.999479168721454
0.002082240053302
0.008311617318649
0.032970137344790
0.127532429553024
0.445071635861309
0.987931499252189
0.047691408150043
0.181667750954836
0.594658316871390
0.964159212188302
0.138224902962938
0.476475116655299
0.997786319454473
0.008835120655878
0.035028245195497
0.135205068936084
0.467698633080290
0.995826486780473
0.016624380027733
0.065392040065705
0.244463684647001
0.738804766143251
0.771889134669069
0.704305193795619
0.833037551152539
0.556343958089281
0.987301433547333
0.050149251450855
0.190537216119097
0.616931141570727
0.945308432523867
0.206801599692547
0.656138792228603
0.902482710245573
0.352030671813513
0.912420311664159
0.319637946107353
0.869878118062504
0.452760711114162
0.991073798342241
0.035386098326895
0.136535689488377
0.471574779937242
0.996768027457535
0.012886107583799
0.050880223260549
0.193165704566023
0.623410860582141
0.939079037961502
0.228838393691209
0.705885533056145
0.830444589112748
0.563225494104427
0.984010147581004
0.062936708154459
0.235902715684557
0.721010497668833
0.804617439680700
0.628832861769501
0.933608374913123
0.247935108820803
0.745853162539279
0.758224889877739
0.733279624990518
0.782322466257133
0.681176100185961
0.868700882885626
0.456238635837438
0.992339772026527
0.030406195523471
0.117926635189038
0.416079775608117
0.971829583752064
0.109507375585416
0.390062041111243
0.951654580781496
0.184032558636364
0.600658303992468
0.959471623349440
0.155543309346522
0.525398353056218
0.997419694648127
0.010294589504657
0.040754443726350
0.156374076171624
0.527684897892381
0.996934185714754
0.012225660272058
0.048304774011882
0.183885691278173
0.600286975285287
0.959770090352513
0.154445856068968
0.522369334448366
0.997998451505348
0.007990169193100
0.031705305557464
0.122800316627886
0.430881595455907
0.980890584613116
0.074976982521821
0.277421738454973
0.801835669950374
0.635580913382437
0.926471263705537
0.272489044933610
0.792955061299116
0.656709328236926
0.901768745774126
0.354327499676344
0.915118090597818
0.310707883433688
0.856673978423384
0.491134692462542
0.999685625289065
0.001257103517904
0.005022092834597
0.019987485672631
0.078351944356469
0.288851668688120
0.821665528736835
0.586125150489811
0.970329833812430
0.115159389703889
0.407590818667667
0.965842172821952
0.131964280082091
0.458198835458027
0.993010650571740
0.027761993691321
0.107965061590414
0.385234428264770
0.947315454177143
0.199635537817185
0.639124759430513
0.922577205253607
0.285714022400203
0.816326079216397
0.599751246430327
0.960198755342385
0.152868422325279
0.517998671124236
0.998704191351046
0.005176518115596
0.020598887103178
0.080698291813155
0.296744310046377
0.834748498005907
0.551773772331158
0.989277905994406
0.042428522822918
0.162513373095931
0.544411106643655
0.992110614426744
0.031308572674132
0.121313383804962
0.426385786859007
0.978323790494530
0.084825405787779
0.310520225282872
0.856389659892586
0.491945641286588
0.999740509222863
0.001037693766695
0.004146467833368
0.016517098551499
0.064977136027756
0.243020431285546
0.735846005053334
0.777506647601532
0.691960242147837
0.852605061738175
0.502678681746470
0.999971298656405
0.000114802079313
0.000459155599184
0.001835779101277
0.007329636065474
0.029103650002486
0.113026510236076
0.401006072879722
0.960800809573220
0.150650455586659
0.511819583272764
0.999441189805033
0.002233991704533
0.008916003942387
0.035346035264346
0.136386772221750
0.471141682338729
0.996668790007045
0.013280452131752
0.052416326891712
0.198675422267573
0.636813995417499
0.925127722631603
0.277065677800268
0.801201151941385
0.637111464276731
0.924801785455563
0.278173772295064
0.803172498808791
0.632345743864135
0.929938416324195
0.260611832674572
0.770773221378292
0.706727450337690
0.829055045107512
0.566891109157174
0.982102318062892
0.070309419673544
0.261464020714853
0.772402346345904
0.703187846820984
0.834858795617009
0.551478347991706
0.989399918752179
0.041950878101441
0.160764007711836
0.539675766145059
0.993703334323210
0.025028070712577
0.097606665555934
0.352318417579943
0.912760600855631
0.318514745525193
0.868252409632858
0.457560651198376
0.992795606693176
0.028609960095617
0.111165721115778
0.395231614258350
0.956094341396355
0.167911806984901
0.558869728239865
0.986137420387858
0.054681633994557
0.206766211592969
0.656055781345842
0.902586372434155
0.351696850921232
0.912024703893283
0.320942573526609
0.871753752098905
0.447196591201543
0.988847200077052
0.044113659907306
0.168670579667553
0.560883260888658
0.985172914174254
0.058428973406647
0.220060113893168
0.686534640665975
0.860819311326462
0.479237698295589
0.998275707311740
0.006885278011940
0.027351483834553
0.106413520666406
0.380358733143146
0.942743869059548
0.215911465640727
0.677174818582400
0.874436334641175
0.439189725201927
0.985208441915932
0.058291071574056
0.219572890195218
0.685442544346146
0.862444250985711
0.474536659709628
0.997406473205027
0.010347201654947
0.040960548291436
0.157131127100405
0.529763743986245
0.996456478175685
0.014123861109582
0.055697510627756
0.210381191750508
0.664483783632576
0.891780339687648
0.386032661736925
0.948045783236919
0.197019904494464
0.632812246909824
0.929443628283056
0.262312680508338
0.774018952611475
0.699654454438841
0.840552395290915
0.536096264246480
0.994788238829793
0.020738394862847
0.081233255365437
0.298537654352684
0.837651693145125
0.543965336464922
0.992268196758105
0.030688089842095
0.118985323935754
0.419311266494632
0.973957313141199
0.101457861279903
0.364656654657645
0.926728715486160
0.271610413518128
0.791352787146559
0.660454213687728
0.897017781239412
0.369507525518938
0.931886856415237
0.253894973023056
0.757729262786711
0.734302508413674
0.780409338204241
0.685482412191439
0.862385099070580
0.474708159886423
0.997441291294677
0.010208646860337
0.040417721558470
0.155136517369967
0.524276713393140
0.997642564747309
0.009407511006880
0.037276038974143
0.143546143570165
0.491762592945195
0.999728580500054
0.001085383325606
0.004336821074568
0.017272052230143
0.067894913767608
0.253140777808387
0.756242097675807
0.737359949514810
0.774641017465308
0.698289246102481
0.842725499520439
0.530156927913863
0.996362238795192
0.014498111592898
0.057151665412550
0.215541410212489
0.676333242784403
0.875626349956548
0.435619380873284
0.983420543523443
0.065218312397995
0.243859536503812
0.737568251839831
0.774245302871066
0.699158055412628
0.841344275857042
0.533936341358527
0.995393298940790
0.018341917458244
0.072021966088796
0.267339209958000
0.783475827108129
0.678565821781448
0.872456989166064
0.445103164885401
0.987945349977602
0.047637341740940
0.181472101651189
0.594159911893958
0.964535643968488
